9.999999999999997780e-01 9.533860910358697982e-01 8.876996318840381095e-01 7.954320878960100538e-01 6.900978265758866970e-01 5.825706251032195526e-01 4.801870580060466631e-01 3.870644092833838146e-01 3.050669805201995377e-01 2.341340472348311941e-01 1.736484490539376702e-01 1.226250600678130964e-01 7.978152423264285587e-02 4.398536051704068917e-02 1.420768636041690874e-02 -1.050504514000713541e-02 -3.093045711597404088e-02 -4.773901812098420988e-02 -6.146423532422690822e-02 -7.257000349566389286e-02 -8.143143399951278949e-02 -8.830922354401972429e-02 -9.343631672301455637e-02 -9.698240868017729555e-02 -9.906442450465526017e-02 -9.975090240061887381e-02 -9.906442450465527405e-02 -9.698240868017803107e-02 -9.343631672301543067e-02 -8.830922354402098717e-02 -8.143143399951434380e-02 -7.257000349566515573e-02 -6.146423532422867764e-02 -4.773901812098546582e-02 -3.093045711597480762e-02 -1.050504514000749623e-02 1.420768636041809876e-02 4.398536051704251409e-02 7.978152423264539550e-02 1.226250600678167046e-01 1.736484490539408898e-01 2.341340472348353574e-01 3.050669805202027574e-01 3.870644092833866456e-01 4.801870580060484950e-01 5.825706251032181093e-01 6.900978265758839214e-01 7.954320878960060570e-01 8.876996318840315592e-01 9.533860910358666896e-01 0.000000000000000000e+00 0.000000000000000000e+00 0.000000000000000000e+00 0.000000000000000000e+00 0.000000000000000000e+00 0.000000000000000000e+00 0.000000000000000000e+00 0.000000000000000000e+00 0.000000000000000000e+00 0.000000000000000000e+00 0.000000000000000000e+00 0.000000000000000000e+00 0.000000000000000000e+00 0.000000000000000000e+00 0.000000000000000000e+00 0.000000000000000000e+00 0.000000000000000000e+00 0.000000000000000000e+00 0.000000000000000000e+00 0.000000000000000000e+00 0.000000000000000000e+00 0.000000000000000000e+00 0.000000000000000000e+00 0.000000000000000000e+00 0.000000000000000000e+00 0.000000000000000000e+00 0.000000000000000000e+00 0.000000000000000000e+00 0.000000000000000000e+00 0.000000000000000000e+00 0.000000000000000000e+00 0.000000000000000000e+00 0.000000000000000000e+00 0.000000000000000000e+00 0.000000000000000000e+00 0.000000000000000000e+00 0.000000000000000000e+00 0.000000000000000000e+00 0.000000000000000000e+00 0.000000000000000000e+00 0.000000000000000000e+00 0.000000000000000000e+00 0.000000000000000000e+00 0.000000000000000000e+00 0.000000000000000000e+00 0.000000000000000000e+00 0.000000000000000000e+00 0.000000000000000000e+00 0.000000000000000000e+00 0.000000000000000000e+00
9.533860910358697982e-01 1.000000000000000000e+00 9.534269620729153294e-01 8.878171678498386621e-01 7.955208476923631977e-01 6.901673365694785955e-01 5.826173323149550498e-01 4.802093866950785106e-01 3.872447957372120997e-01 3.051471615365182743e-01 2.341626819456819331e-01 1.737316581006263239e-01 1.226596501729389221e-01 7.978862580472317889e-02 4.400973759499250682e-02 1.421015687763962226e-02 -1.050762819250317982e-02 -3.094115954264560139e-02 -4.774362166143204800e-02 -6.147348409126752317e-02 -7.259235408834903425e-02 -8.143969306780973749e-02 -8.831214011977411849e-02 -9.343673067367168350e-02 -9.698209890629097552e-02 -9.906445483374132221e-02 -9.975163884999520281e-02 -9.906551443527990275e-02 -9.698275919515164656e-02 -9.343401527627231973e-02 -8.830104961645926509e-02 -8.140712939084619737e-02 -7.255980924722675585e-02 -6.145895992202402014e-02 -4.772304489917879311e-02 -3.092324216362525927e-02 -1.050330937137108726e-02 1.419999582706784474e-02 4.398195100848503042e-02 7.975980867244238104e-02 1.225671772634317064e-01 1.736281327983754674e-01 2.340724976225519449e-01 3.049221535145672513e-01 3.870435071216743461e-01 4.801414889769948235e-01 5.824987266830727872e-01 6.899993381566336126e-01 7.952927140577268350e-01 8.876358180375977236e-01 0.000000000000000000e+00 0.000000000000000000e+00 0.000000000000000000e+00 0.000000000000000000e+00 0.000000000000000000e+00 0.000000000000000000e+00 0.000000000000000000e+00 0.000000000000000000e+00 0.000000000000000000e+00 0.000000000000000000e+00 0.000000000000000000e+00 0.000000000000000000e+00 0.000000000000000000e+00 0.000000000000000000e+00 0.000000000000000000e+00 0.000000000000000000e+00 0.000000000000000000e+00 0.000000000000000000e+00 0.000000000000000000e+00 0.000000000000000000e+00 0.000000000000000000e+00 0.000000000000000000e+00 0.000000000000000000e+00 0.000000000000000000e+00 0.000000000000000000e+00 0.000000000000000000e+00 0.000000000000000000e+00 0.000000000000000000e+00 0.000000000000000000e+00 0.000000000000000000e+00 0.000000000000000000e+00 0.000000000000000000e+00 0.000000000000000000e+00 0.000000000000000000e+00 0.000000000000000000e+00 0.000000000000000000e+00 0.000000000000000000e+00 0.000000000000000000e+00 0.000000000000000000e+00 0.000000000000000000e+00 0.000000000000000000e+00 0.000000000000000000e+00 0.000000000000000000e+00 0.000000000000000000e+00 0.000000000000000000e+00 0.000000000000000000e+00 0.000000000000000000e+00 0.000000000000000000e+00 0.000000000000000000e+00 0.000000000000000000e+00
8.876996318840381095e-01 9.534269620729153294e-01 9.999999999999997780e-01 9.535661859438691046e-01 8.879517938994881954e-01 7.956493125900558905e-01 6.902768758677738647e-01 5.826989164782747643e-01 4.804783753606005070e-01 3.873889914114567734e-01 3.052208820187781169e-01 2.343036231860946284e-01 1.738029040666679292e-01 1.226866565182537505e-01 7.984339181032508448e-02 4.402327905631400057e-02 1.421550298617420792e-02 -1.051266485449976230e-02 -3.094822845347257670e-02 -4.775707424444330246e-02 -6.150044796186331791e-02 -7.260914592848184690e-02 -8.145291141622912345e-02 -8.832390505928522373e-02 -9.344843161442296930e-02 -9.699456002864381698e-02 -9.907787334235322596e-02 -9.976551252576351669e-02 -9.907857366521886922e-02 -9.699282817906938747e-02 -9.343740158866387091e-02 -8.828610758937142922e-02 -8.140625659088608634e-02 -7.256303721183898769e-02 -6.144644280415770266e-02 -4.771818967794540928e-02 -3.092224336342510455e-02 -1.049897002634250266e-02 1.420078173949693850e-02 4.397574862705126014e-02 7.973247052641810328e-02 1.225685283439809647e-01 1.736040488615603894e-01 2.339889264455229101e-01 3.049414344058273274e-01 3.870494682012841081e-01 4.801309991091171625e-01 5.824683649594339929e-01 6.899298366678753291e-01 7.952927140577237264e-01 0.000000000000000000e+00 0.000000000000000000e+00 0.000000000000000000e+00 0.000000000000000000e+00 0.000000000000000000e+00 0.000000000000000000e+00 0.000000000000000000e+00 0.000000000000000000e+00 0.000000000000000000e+00 0.000000000000000000e+00 0.000000000000000000e+00 0.000000000000000000e+00 0.000000000000000000e+00 0.000000000000000000e+00 0.000000000000000000e+00 0.000000000000000000e+00 0.000000000000000000e+00 0.000000000000000000e+00 0.000000000000000000e+00 0.000000000000000000e+00 0.000000000000000000e+00 0.000000000000000000e+00 0.000000000000000000e+00 0.000000000000000000e+00 0.000000000000000000e+00 0.000000000000000000e+00 0.000000000000000000e+00 0.000000000000000000e+00 0.000000000000000000e+00 0.000000000000000000e+00 0.000000000000000000e+00 0.000000000000000000e+00 0.000000000000000000e+00 0.000000000000000000e+00 0.000000000000000000e+00 0.000000000000000000e+00 0.000000000000000000e+00 0.000000000000000000e+00 0.000000000000000000e+00 0.000000000000000000e+00 0.000000000000000000e+00 0.000000000000000000e+00 0.000000000000000000e+00 0.000000000000000000e+00 0.000000000000000000e+00 0.000000000000000000e+00 0.000000000000000000e+00 0.000000000000000000e+00 0.000000000000000000e+00 0.000000000000000000e+00
7.954320878960100538e-01 8.878171678498386621e-01 9.535661859438691046e-01 9.999999999999997780e-01 9.537109566894654833e-01 8.881175236009860585e-01 7.958153131712547568e-01 6.904230827589056263e-01 5.830675665910932670e-01 4.807034206265645149e-01 3.875256846015104895e-01 3.054402339783292564e-01 2.344291247237980658e-01 1.738639467506349900e-01 1.227871618710461160e-01 7.987874574091714808e-02 4.404583643901804901e-02 1.422421422264427346e-02 -1.051648952415561861e-02 -3.096110291165723311e-02 -4.778439608145965134e-02 -6.152282943517317637e-02 -7.263050516826621839e-02 -8.147445149407057940e-02 -8.834651197977252957e-02 -9.347262040736614708e-02 -9.702031925019825864e-02 -9.910453484379136424e-02 -9.979163646735465798e-02 -9.910175619050783091e-02 -9.700899071533601592e-02 -9.343380459873018573e-02 -8.829673836968351952e-02 -8.142059185940188348e-02 -7.255784683960248005e-02 -6.144834170726523603e-02 -4.772300464590487068e-02 -3.091363197700805129e-02 -1.050091125813809936e-02 1.420068497888726973e-02 4.396650257999171196e-02 7.974385692684830829e-02 1.225674134362234741e-01 1.735639071877837225e-01 2.340331561111944625e-01 3.049832650829008007e-01 3.870861767535728748e-01 4.801589321244359443e-01 5.824683649594329937e-01 6.899993381566303929e-01 0.000000000000000000e+00 0.000000000000000000e+00 0.000000000000000000e+00 0.000000000000000000e+00 0.000000000000000000e+00 0.000000000000000000e+00 0.000000000000000000e+00 0.000000000000000000e+00 0.000000000000000000e+00 0.000000000000000000e+00 0.000000000000000000e+00 0.000000000000000000e+00 0.000000000000000000e+00 0.000000000000000000e+00 0.000000000000000000e+00 0.000000000000000000e+00 0.000000000000000000e+00 0.000000000000000000e+00 0.000000000000000000e+00 0.000000000000000000e+00 0.000000000000000000e+00 0.000000000000000000e+00 0.000000000000000000e+00 0.000000000000000000e+00 0.000000000000000000e+00 0.000000000000000000e+00 0.000000000000000000e+00 0.000000000000000000e+00 0.000000000000000000e+00 0.000000000000000000e+00 0.000000000000000000e+00 0.000000000000000000e+00 0.000000000000000000e+00 0.000000000000000000e+00 0.000000000000000000e+00 0.000000000000000000e+00 0.000000000000000000e+00 0.000000000000000000e+00 0.000000000000000000e+00 0.000000000000000000e+00 0.000000000000000000e+00 0.000000000000000000e+00 0.000000000000000000e+00 0.000000000000000000e+00 0.000000000000000000e+00 0.000000000000000000e+00 0.000000000000000000e+00 0.000000000000000000e+00 0.000000000000000000e+00 0.000000000000000000e+00
6.900978265758866970e-01 7.955208476923631977e-01 8.879517938994881954e-01 9.537109566894654833e-01 1.000000000000000000e+00 9.537829423810160190e-01 8.882022415078887345e-01 7.958993981888750069e-01 6.907757788207894434e-01 5.832838420522673539e-01 4.808339982597447659e-01 3.877742290490809873e-01 3.055836352938096079e-01 2.344976918385678899e-01 1.739965011945367457e-01 1.228350136136349274e-01 7.991552891318685903e-02 4.407057035523069544e-02 1.422863221857930890e-02 -1.052031416239230729e-02 -3.097716494636248638e-02 -4.779919601730257123e-02 -6.153754254754027070e-02 -7.264566364289271050e-02 -8.149071458503569232e-02 -8.836436050840845713e-02 -9.349210163535359719e-02 -9.704086125457707379e-02 -9.912479169575742766e-02 -9.980925510965123204e-02 -9.911259231307159578e-02 -9.699972146971161391e-02 -9.343975050002467642e-02 -8.830730460935067028e-02 -8.141020981150380587e-02 -7.255605434611452076e-02 -6.145114936381131793e-02 -4.770710558762495529e-02 -3.091769738190246197e-02 -1.050022531521962316e-02 1.419693083526329773e-02 4.397035912279372710e-02 7.973866304557596096e-02 1.225320018665179284e-01 1.735868632344685358e-01 2.340517831759053591e-01 3.049944511549234627e-01 3.870861767535691000e-01 4.801309991091126106e-01 5.824987266830667920e-01 0.000000000000000000e+00 0.000000000000000000e+00 0.000000000000000000e+00 0.000000000000000000e+00 0.000000000000000000e+00 0.000000000000000000e+00 0.000000000000000000e+00 0.000000000000000000e+00 0.000000000000000000e+00 0.000000000000000000e+00 0.000000000000000000e+00 0.000000000000000000e+00 0.000000000000000000e+00 0.000000000000000000e+00 0.000000000000000000e+00 0.000000000000000000e+00 0.000000000000000000e+00 0.000000000000000000e+00 0.000000000000000000e+00 0.000000000000000000e+00 0.000000000000000000e+00 0.000000000000000000e+00 0.000000000000000000e+00 0.000000000000000000e+00 0.000000000000000000e+00 0.000000000000000000e+00 0.000000000000000000e+00 0.000000000000000000e+00 0.000000000000000000e+00 0.000000000000000000e+00 0.000000000000000000e+00 0.000000000000000000e+00 0.000000000000000000e+00 0.000000000000000000e+00 0.000000000000000000e+00 0.000000000000000000e+00 0.000000000000000000e+00 0.000000000000000000e+00 0.000000000000000000e+00 0.000000000000000000e+00 0.000000000000000000e+00 0.000000000000000000e+00 0.000000000000000000e+00 0.000000000000000000e+00 0.000000000000000000e+00 0.000000000000000000e+00 0.000000000000000000e+00 0.000000000000000000e+00 0.000000000000000000e+00 0.000000000000000000e+00
5.825706251032195526e-01 6.901673365694785955e-01 7.956493125900558905e-01 8.881175236009860585e-01 9.537829423810160190e-01 9.999999999999997780e-01 9.537949181436432555e-01 8.882177435848417346e-01 7.962091050968300721e-01 6.909681061180851236e-01 5.834000402457962808e-01 4.811091068681993543e-01 3.879355033444082390e-01 3.056599470626741866e-01 2.346670739469578493e-01 1.740583991404351660e-01 1.228876644161707027e-01 7.995793286731946170e-02 4.408292082082770902e-02 1.423335326222983747e-02 -1.052543614661755923e-02 -3.098573979563451139e-02 -4.780900928460243143e-02 -6.154824992220994662e-02 -7.265758869258612251e-02 -8.150423898691197544e-02 -8.837954884931149835e-02 -9.350845048347800059e-02 -9.705710048719677630e-02 -9.913861237130737469e-02 -9.981646666773417997e-02 -9.909945951248572138e-02 -9.700233064028518370e-02 -9.344752526457533737e-02 -8.829285639897858917e-02 -8.140528610500152862e-02 -7.255679862809799596e-02 -6.142852619440623135e-02 -4.771172241404714187e-02 -3.091464447358556120e-02 -1.049704933486549606e-02 1.419768959898899327e-02 4.396594262397352654e-02 7.971272951081000147e-02 1.225438185644705663e-01 1.735943744172078196e-01 2.340517831759033052e-01 3.049832650828950831e-01 3.870494682012762255e-01 4.801414889769875516e-01 0.000000000000000000e+00 0.000000000000000000e+00 0.000000000000000000e+00 0.000000000000000000e+00 0.000000000000000000e+00 0.000000000000000000e+00 0.000000000000000000e+00 0.000000000000000000e+00 0.000000000000000000e+00 0.000000000000000000e+00 0.000000000000000000e+00 0.000000000000000000e+00 0.000000000000000000e+00 0.000000000000000000e+00 0.000000000000000000e+00 0.000000000000000000e+00 0.000000000000000000e+00 0.000000000000000000e+00 0.000000000000000000e+00 0.000000000000000000e+00 0.000000000000000000e+00 0.000000000000000000e+00 0.000000000000000000e+00 0.000000000000000000e+00 0.000000000000000000e+00 0.000000000000000000e+00 0.000000000000000000e+00 0.000000000000000000e+00 0.000000000000000000e+00 0.000000000000000000e+00 0.000000000000000000e+00 0.000000000000000000e+00 0.000000000000000000e+00 0.000000000000000000e+00 0.000000000000000000e+00 0.000000000000000000e+00 0.000000000000000000e+00 0.000000000000000000e+00 0.000000000000000000e+00 0.000000000000000000e+00 0.000000000000000000e+00 0.000000000000000000e+00 0.000000000000000000e+00 0.000000000000000000e+00 0.000000000000000000e+00 0.000000000000000000e+00 0.000000000000000000e+00 0.000000000000000000e+00 0.000000000000000000e+00 0.000000000000000000e+00
4.801870580060466631e-01 5.826173323149550498e-01 6.902768758677738647e-01 7.958153131712547568e-01 8.882022415078887345e-01 9.537949181436432555e-01 9.999999999999997780e-01 9.537446357853246459e-01 8.884406057334397477e-01 7.963429516369593397e-01 6.910436746372299321e-01 5.836807388630435023e-01 4.812750903239577105e-01 3.880105549120203001e-01 3.058644517013584530e-01 2.347402593512076252e-01 1.741259688878064871e-01 1.229481174804439580e-01 7.997734402510073282e-02 4.409589131098985704e-02 1.423973350652524457e-02 -1.052793401899037792e-02 -3.099084818593281568e-02 -4.781534776606628789e-02 -6.155574943366880908e-02 -7.266651857308804863e-02 -8.151468962754400416e-02 -8.839110509619571565e-02 -9.351994506883458402e-02 -9.706630470010343958e-02 -9.914134867700991061e-02 -9.979878759596118309e-02 -9.909771861821775607e-02 -9.700610856313640618e-02 -9.342812604183391156e-02 -8.828365707577061350e-02 -8.140258643709274988e-02 -7.252696369339345361e-02 -6.143183616376027972e-02 -4.770498184394347113e-02 -3.090401177370960886e-02 -1.049713556869470536e-02 1.419565990165871407e-02 4.394973688534960232e-02 7.971698063854321115e-02 1.225438185644684846e-01 1.735868632344650386e-01 2.340331561111871350e-01 3.049414344058188342e-01 3.870435071216659084e-01 0.000000000000000000e+00 0.000000000000000000e+00 0.000000000000000000e+00 0.000000000000000000e+00 0.000000000000000000e+00 0.000000000000000000e+00 0.000000000000000000e+00 0.000000000000000000e+00 0.000000000000000000e+00 0.000000000000000000e+00 0.000000000000000000e+00 0.000000000000000000e+00 0.000000000000000000e+00 0.000000000000000000e+00 0.000000000000000000e+00 0.000000000000000000e+00 0.000000000000000000e+00 0.000000000000000000e+00 0.000000000000000000e+00 0.000000000000000000e+00 0.000000000000000000e+00 0.000000000000000000e+00 0.000000000000000000e+00 0.000000000000000000e+00 0.000000000000000000e+00 0.000000000000000000e+00 0.000000000000000000e+00 0.000000000000000000e+00 0.000000000000000000e+00 0.000000000000000000e+00 0.000000000000000000e+00 0.000000000000000000e+00 0.000000000000000000e+00 0.000000000000000000e+00 0.000000000000000000e+00 0.000000000000000000e+00 0.000000000000000000e+00 0.000000000000000000e+00 0.000000000000000000e+00 0.000000000000000000e+00 0.000000000000000000e+00 0.000000000000000000e+00 0.000000000000000000e+00 0.000000000000000000e+00 0.000000000000000000e+00 0.000000000000000000e+00 0.000000000000000000e+00 0.000000000000000000e+00 0.000000000000000000e+00 0.000000000000000000e+00
3.870644092833838146e-01 4.802093866950785106e-01 5.826989164782747643e-01 6.904230827589056263e-01 7.958993981888750069e-01 8.882177435848417346e-01 9.537446357853246459e-01 1.000000000000000000e+00 9.538592384632893495e-01 8.884861038194061811e-01 7.963478396671268555e-01 6.912962884002242792e-01 5.838284358088182691e-01 4.813327591567436725e-01 3.882424594387417494e-01 3.059421762660547994e-01 2.348190307102552832e-01 1.742029744486172926e-01 1.229721547656216774e-01 7.999711786893061449e-02 4.411356262960436370e-02 1.424243049744978833e-02 -1.052914628945837011e-02 -3.099338926504609584e-02 -4.781870725635452291e-02 -6.156008416533074318e-02 -7.267196808809645026e-02 -8.152096181939849640e-02 -8.839717649543286926e-02 -9.352371512442599066e-02 -9.706367664690160324e-02 -9.911836333637075169e-02 -9.979158042930376393e-02 -9.909617620220284584e-02 -9.698070205126184395e-02 -9.341333795315703847e-02 -8.827597494914135590e-02 -8.136475606350043743e-02 -7.252699722013751515e-02 -6.141989135166778940e-02 -4.768605023591277609e-02 -3.090265076727515686e-02 -1.049506123854433183e-02 1.418967039098608870e-02 4.394973688534782597e-02 7.971272951080601854e-02 1.225320018665133764e-01 1.735639071877750905e-01 2.339889264455137230e-01 3.049221535145603679e-01 0.000000000000000000e+00 0.000000000000000000e+00 0.000000000000000000e+00 0.000000000000000000e+00 0.000000000000000000e+00 0.000000000000000000e+00 0.000000000000000000e+00 0.000000000000000000e+00 0.000000000000000000e+00 0.000000000000000000e+00 0.000000000000000000e+00 0.000000000000000000e+00 0.000000000000000000e+00 0.000000000000000000e+00 0.000000000000000000e+00 0.000000000000000000e+00 0.000000000000000000e+00 0.000000000000000000e+00 0.000000000000000000e+00 0.000000000000000000e+00 0.000000000000000000e+00 0.000000000000000000e+00 0.000000000000000000e+00 0.000000000000000000e+00 0.000000000000000000e+00 0.000000000000000000e+00 0.000000000000000000e+00 0.000000000000000000e+00 0.000000000000000000e+00 0.000000000000000000e+00 0.000000000000000000e+00 0.000000000000000000e+00 0.000000000000000000e+00 0.000000000000000000e+00 0.000000000000000000e+00 0.000000000000000000e+00 0.000000000000000000e+00 0.000000000000000000e+00 0.000000000000000000e+00 0.000000000000000000e+00 0.000000000000000000e+00 0.000000000000000000e+00 0.000000000000000000e+00 0.000000000000000000e+00 0.000000000000000000e+00 0.000000000000000000e+00 0.000000000000000000e+00 0.000000000000000000e+00 0.000000000000000000e+00 0.000000000000000000e+00
3.050669805201995377e-01 3.872447957372120997e-01 4.804783753606005070e-01 5.830675665910932670e-01 6.907757788207894434e-01 7.962091050968300721e-01 8.884406057334397477e-01 9.538592384632893495e-01 9.999999999999997780e-01 9.540579895431667845e-01 8.886919822918873946e-01 7.968339145624551145e-01 6.916826282864367847e-01 5.841034200044580293e-01 4.817971037626671005e-01 3.884949593054441985e-01 3.061702878133237271e-01 2.350212030659985518e-01 1.743111452763301261e-01 1.230551891768340844e-01 8.006347272591698983e-02 4.414082181818676509e-02 1.425017644401700700e-02 -1.053449549777481752e-02 -3.100874731353654018e-02 -4.784235936499157266e-02 -6.159075513761701204e-02 -7.270825828481594644e-02 -8.156094512302915212e-02 -8.843798058736111745e-02 -9.356054934629125241e-02 -9.708199939692267744e-02 -9.915289967793726456e-02 -9.983201134497730889e-02 -9.911191275448602567e-02 -9.700617382769712027e-02 -9.344455344567331734e-02 -8.827214088935209091e-02 -8.139910459728423586e-02 -7.254349433386693413e-02 -6.142144181744223913e-02 -4.770409291041990962e-02 -3.090961105598658346e-02 -1.049506123854527032e-02 1.419565990165595065e-02 4.396594262396859992e-02 7.973866304557131190e-02 1.225674134362149670e-01 1.736040488615518129e-01 2.340724976225461718e-01 0.000000000000000000e+00 0.000000000000000000e+00 0.000000000000000000e+00 0.000000000000000000e+00 0.000000000000000000e+00 0.000000000000000000e+00 0.000000000000000000e+00 0.000000000000000000e+00 0.000000000000000000e+00 0.000000000000000000e+00 0.000000000000000000e+00 0.000000000000000000e+00 0.000000000000000000e+00 0.000000000000000000e+00 0.000000000000000000e+00 0.000000000000000000e+00 0.000000000000000000e+00 0.000000000000000000e+00 0.000000000000000000e+00 0.000000000000000000e+00 0.000000000000000000e+00 0.000000000000000000e+00 0.000000000000000000e+00 0.000000000000000000e+00 0.000000000000000000e+00 0.000000000000000000e+00 0.000000000000000000e+00 0.000000000000000000e+00 0.000000000000000000e+00 0.000000000000000000e+00 0.000000000000000000e+00 0.000000000000000000e+00 0.000000000000000000e+00 0.000000000000000000e+00 0.000000000000000000e+00 0.000000000000000000e+00 0.000000000000000000e+00 0.000000000000000000e+00 0.000000000000000000e+00 0.000000000000000000e+00 0.000000000000000000e+00 0.000000000000000000e+00 0.000000000000000000e+00 0.000000000000000000e+00 0.000000000000000000e+00 0.000000000000000000e+00 0.000000000000000000e+00 0.000000000000000000e+00 0.000000000000000000e+00 0.000000000000000000e+00
2.341340472348311941e-01 3.051471615365182743e-01 3.873889914114567734e-01 4.807034206265645149e-01 5.832838420522673539e-01 6.909681061180851236e-01 7.963429516369593397e-01 8.884861038194061811e-01 9.540579895431667845e-01 1.000000000000000222e+00 9.540623751056653834e-01 8.889652025553511638e-01 7.970524097854154721e-01 6.918261119954792759e-01 5.845091103902895213e-01 4.819926544802443091e-01 3.886933317725518311e-01 3.063639766968479505e-01 2.351151639382148273e-01 1.743907053875283775e-01 1.231303999612045896e-01 8.009549771388321804e-02 4.415516526514685208e-02 1.425430617966163757e-02 -1.053737841960879912e-02 -3.101718833971586070e-02 -4.785550993928496671e-02 -6.160770367913730866e-02 -7.272757015748301801e-02 -8.158021309455858183e-02 -8.845285095269235509e-02 -9.355707434455515226e-02 -9.709388582382473543e-02 -9.917066279144556851e-02 -9.982531064000065013e-02 -9.911556243075886341e-02 -9.701669503872710487e-02 -9.341942515949794301e-02 -8.828950045274812364e-02 -8.139927804742759510e-02 -7.252898937777724209e-02 -6.143084238769262739e-02 -4.770409291042108230e-02 -3.090265076727705812e-02 -1.049713556869861890e-02 1.419768959898347511e-02 4.397035912278852987e-02 7.974385692684012039e-02 1.225685283439720691e-01 1.736281327983696388e-01 0.000000000000000000e+00 0.000000000000000000e+00 0.000000000000000000e+00 0.000000000000000000e+00 0.000000000000000000e+00 0.000000000000000000e+00 0.000000000000000000e+00 0.000000000000000000e+00 0.000000000000000000e+00 0.000000000000000000e+00 0.000000000000000000e+00 0.000000000000000000e+00 0.000000000000000000e+00 0.000000000000000000e+00 0.000000000000000000e+00 0.000000000000000000e+00 0.000000000000000000e+00 0.000000000000000000e+00 0.000000000000000000e+00 0.000000000000000000e+00 0.000000000000000000e+00 0.000000000000000000e+00 0.000000000000000000e+00 0.000000000000000000e+00 0.000000000000000000e+00 0.000000000000000000e+00 0.000000000000000000e+00 0.000000000000000000e+00 0.000000000000000000e+00 0.000000000000000000e+00 0.000000000000000000e+00 0.000000000000000000e+00 0.000000000000000000e+00 0.000000000000000000e+00 0.000000000000000000e+00 0.000000000000000000e+00 0.000000000000000000e+00 0.000000000000000000e+00 0.000000000000000000e+00 0.000000000000000000e+00 0.000000000000000000e+00 0.000000000000000000e+00 0.000000000000000000e+00 0.000000000000000000e+00 0.000000000000000000e+00 0.000000000000000000e+00 0.000000000000000000e+00 0.000000000000000000e+00 0.000000000000000000e+00 0.000000000000000000e+00
1.736484490539376702e-01 2.341626819456819331e-01 3.052208820187781169e-01 3.875256846015104895e-01 4.808339982597447659e-01 5.834000402457962808e-01 6.910436746372299321e-01 7.963478396671268555e-01 8.886919822918873946e-01 9.540623751056653834e-01 1.000000000000000000e+00 9.541647092194657231e-01 8.890282235092652474e-01 7.970657110570817938e-01 6.921598791025463937e-01 5.846408763669417308e-01 4.821568680125594142e-01 3.888763709522803924e-01 3.064401348335133446e-01 2.351878123179915181e-01 1.744718185853676162e-01 1.231618274892518905e-01 8.010989711815794112e-02 4.416148856211266072e-02 1.425613688075007962e-02 -1.053866784392177604e-02 -3.102105537477577515e-02 -4.786144770095088902e-02 -6.161470943419555119e-02 -7.273365946826901296e-02 -8.158145121448902304e-02 -8.843600729614770062e-02 -9.355417484765936320e-02 -9.709637694689451926e-02 -9.914878504180738017e-02 -9.981367143662775443e-02 -9.911111516232552765e-02 -9.697574540762636530e-02 -9.342348907980518868e-02 -8.827617688429091614e-02 -8.137055315634171559e-02 -7.252898937777749189e-02 -6.142144181744308568e-02 -4.768605023591473979e-02 -3.090401177371316851e-02 -1.049704933487063258e-02 1.419693083525898174e-02 4.396650257998439143e-02 7.973247052641084520e-02 1.225671772634276402e-01 0.000000000000000000e+00 0.000000000000000000e+00 0.000000000000000000e+00 0.000000000000000000e+00 0.000000000000000000e+00 0.000000000000000000e+00 0.000000000000000000e+00 0.000000000000000000e+00 0.000000000000000000e+00 0.000000000000000000e+00 0.000000000000000000e+00 0.000000000000000000e+00 0.000000000000000000e+00 0.000000000000000000e+00 0.000000000000000000e+00 0.000000000000000000e+00 0.000000000000000000e+00 0.000000000000000000e+00 0.000000000000000000e+00 0.000000000000000000e+00 0.000000000000000000e+00 0.000000000000000000e+00 0.000000000000000000e+00 0.000000000000000000e+00 0.000000000000000000e+00 0.000000000000000000e+00 0.000000000000000000e+00 0.000000000000000000e+00 0.000000000000000000e+00 0.000000000000000000e+00 0.000000000000000000e+00 0.000000000000000000e+00 0.000000000000000000e+00 0.000000000000000000e+00 0.000000000000000000e+00 0.000000000000000000e+00 0.000000000000000000e+00 0.000000000000000000e+00 0.000000000000000000e+00 0.000000000000000000e+00 0.000000000000000000e+00 0.000000000000000000e+00 0.000000000000000000e+00 0.000000000000000000e+00 0.000000000000000000e+00 0.000000000000000000e+00 0.000000000000000000e+00 0.000000000000000000e+00 0.000000000000000000e+00 0.000000000000000000e+00
1.226250600678130964e-01 1.737316581006263239e-01 2.343036231860946284e-01 3.054402339783292564e-01 3.877742290490809873e-01 4.811091068681993543e-01 5.836807388630435023e-01 6.912962884002242792e-01 7.968339145624551145e-01 8.889652025553511638e-01 9.541647092194657231e-01 1.000000000000000000e+00 9.543422938500654151e-01 8.892013034363657198e-01 7.975948860586993261e-01 6.924908479793278060e-01 5.850071415233729644e-01 4.825335658267780881e-01 3.891032700829108459e-01 3.066411133900406871e-01 2.353803375222613958e-01 1.745789408166032730e-01 1.232283735253463797e-01 8.015025732492477017e-02 4.418302926415580006e-02 1.426303837112829001e-02 -1.054373739053938476e-02 -3.103595612179872731e-02 -4.788390076464330014e-02 -6.164171821501419207e-02 -7.276050810769453536e-02 -8.159474439229529030e-02 -8.846449736063081992e-02 -9.358959684768303200e-02 -9.710920400391707952e-02 -9.917219760895981673e-02 -9.984440449686465824e-02 -9.910423308295425449e-02 -9.701418596033864472e-02 -9.344235876132586660e-02 -8.827617688429045817e-02 -8.139927804742741468e-02 -7.254349433386703128e-02 -6.141989135166928820e-02 -4.770498184394631608e-02 -3.091464447358996739e-02 -1.050022531522288964e-02 1.420068497888117218e-02 4.397574862704497350e-02 7.975980867243957773e-02 0.000000000000000000e+00 0.000000000000000000e+00 0.000000000000000000e+00 0.000000000000000000e+00 0.000000000000000000e+00 0.000000000000000000e+00 0.000000000000000000e+00 0.000000000000000000e+00 0.000000000000000000e+00 0.000000000000000000e+00 0.000000000000000000e+00 0.000000000000000000e+00 0.000000000000000000e+00 0.000000000000000000e+00 0.000000000000000000e+00 0.000000000000000000e+00 0.000000000000000000e+00 0.000000000000000000e+00 0.000000000000000000e+00 0.000000000000000000e+00 0.000000000000000000e+00 0.000000000000000000e+00 0.000000000000000000e+00 0.000000000000000000e+00 0.000000000000000000e+00 0.000000000000000000e+00 0.000000000000000000e+00 0.000000000000000000e+00 0.000000000000000000e+00 0.000000000000000000e+00 0.000000000000000000e+00 0.000000000000000000e+00 0.000000000000000000e+00 0.000000000000000000e+00 0.000000000000000000e+00 0.000000000000000000e+00 0.000000000000000000e+00 0.000000000000000000e+00 0.000000000000000000e+00 0.000000000000000000e+00 0.000000000000000000e+00 0.000000000000000000e+00 0.000000000000000000e+00 0.000000000000000000e+00 0.000000000000000000e+00 0.000000000000000000e+00 0.000000000000000000e+00 0.000000000000000000e+00 0.000000000000000000e+00 0.000000000000000000e+00
7.978152423264285587e-02 1.226596501729389221e-01 1.738029040666679292e-01 2.344291247237980658e-01 3.055836352938096079e-01 3.879355033444082390e-01 4.812750903239577105e-01 5.838284358088182691e-01 6.916826282864367847e-01 7.970524097854154721e-01 8.890282235092652474e-01 9.543422938500654151e-01 1.000000000000000222e+00 9.543297190600245061e-01 8.895281602921280006e-01 7.977722758654918200e-01 6.927532419966193622e-01 5.853257795119661822e-01 4.827112717757436888e-01 3.892781753910952713e-01 3.068303364362597874e-01 2.354787785161628899e-01 1.746394162366820824e-01 1.232665716245864712e-01 8.017374401342226842e-02 4.419573023306834492e-02 1.426713659965737728e-02 -1.054669527985872823e-02 -3.104431755702106999e-02 -4.789529332391461586e-02 -6.165207940554850996e-02 -7.275770144768317627e-02 -8.160456324909008685e-02 -8.848012199909316422e-02 -9.358304589388181938e-02 -9.711250768099685682e-02 -9.918269083238580308e-02 -9.981730053844801998e-02 -9.912349491113722766e-02 -9.701418596033886677e-02 -9.342348907980509154e-02 -8.828950045274799874e-02 -8.139910459728451342e-02 -7.252699722013877803e-02 -6.143183616376266670e-02 -4.771172241405045172e-02 -3.091769738190489406e-02 -1.050091125814315608e-02 1.420078173949236230e-02 4.398195100848370509e-02 0.000000000000000000e+00 0.000000000000000000e+00 0.000000000000000000e+00 0.000000000000000000e+00 0.000000000000000000e+00 0.000000000000000000e+00 0.000000000000000000e+00 0.000000000000000000e+00 0.000000000000000000e+00 0.000000000000000000e+00 0.000000000000000000e+00 0.000000000000000000e+00 0.000000000000000000e+00 0.000000000000000000e+00 0.000000000000000000e+00 0.000000000000000000e+00 0.000000000000000000e+00 0.000000000000000000e+00 0.000000000000000000e+00 0.000000000000000000e+00 0.000000000000000000e+00 0.000000000000000000e+00 0.000000000000000000e+00 0.000000000000000000e+00 0.000000000000000000e+00 0.000000000000000000e+00 0.000000000000000000e+00 0.000000000000000000e+00 0.000000000000000000e+00 0.000000000000000000e+00 0.000000000000000000e+00 0.000000000000000000e+00 0.000000000000000000e+00 0.000000000000000000e+00 0.000000000000000000e+00 0.000000000000000000e+00 0.000000000000000000e+00 0.000000000000000000e+00 0.000000000000000000e+00 0.000000000000000000e+00 0.000000000000000000e+00 0.000000000000000000e+00 0.000000000000000000e+00 0.000000000000000000e+00 0.000000000000000000e+00 0.000000000000000000e+00 0.000000000000000000e+00 0.000000000000000000e+00 0.000000000000000000e+00 0.000000000000000000e+00
4.398536051704068917e-02 7.978862580472317889e-02 1.226866565182537505e-01 1.738639467506349900e-01 2.344976918385678899e-01 3.056599470626741866e-01 3.880105549120203001e-01 4.813327591567436725e-01 5.841034200044580293e-01 6.918261119954792759e-01 7.970657110570817938e-01 8.892013034363657198e-01 9.543297190600245061e-01 1.000000000000000000e+00 9.544558960698187322e-01 8.895310693092026710e-01 7.978886742831695633e-01 6.929693004695584024e-01 5.854183449886231072e-01 4.828307343113181216e-01 3.894415796973471622e-01 3.069005433944128058e-01 2.355164292260597536e-01 1.746610921365804592e-01 1.232797114129690896e-01 8.018174296083753483e-02 4.420003856497301681e-02 1.426847939802291555e-02 -1.054750304395068831e-02 -3.104572487707310882e-02 -4.789409114167143128e-02 -6.163775962570001293e-02 -7.275233845567219415e-02 -8.160312286105228519e-02 -8.845672839003493326e-02 -9.356803481123285304e-02 -9.710390286615119826e-02 -9.913648886174018793e-02 -9.981730053844727057e-02 -9.910423308295393530e-02 -9.697574540762558815e-02 -9.341942515949738790e-02 -8.827214088935191050e-02 -8.136475606350106193e-02 -7.252696369339474425e-02 -6.142852619440800771e-02 -4.770710558762628062e-02 -3.091363197701145482e-02 -1.049897002634568241e-02 1.419999582706775801e-02 0.000000000000000000e+00 0.000000000000000000e+00 0.000000000000000000e+00 0.000000000000000000e+00 0.000000000000000000e+00 0.000000000000000000e+00 0.000000000000000000e+00 0.000000000000000000e+00 0.000000000000000000e+00 0.000000000000000000e+00 0.000000000000000000e+00 0.000000000000000000e+00 0.000000000000000000e+00 0.000000000000000000e+00 0.000000000000000000e+00 0.000000000000000000e+00 0.000000000000000000e+00 0.000000000000000000e+00 0.000000000000000000e+00 0.000000000000000000e+00 0.000000000000000000e+00 0.000000000000000000e+00 0.000000000000000000e+00 0.000000000000000000e+00 0.000000000000000000e+00 0.000000000000000000e+00 0.000000000000000000e+00 0.000000000000000000e+00 0.000000000000000000e+00 0.000000000000000000e+00 0.000000000000000000e+00 0.000000000000000000e+00 0.000000000000000000e+00 0.000000000000000000e+00 0.000000000000000000e+00 0.000000000000000000e+00 0.000000000000000000e+00 0.000000000000000000e+00 0.000000000000000000e+00 0.000000000000000000e+00 0.000000000000000000e+00 0.000000000000000000e+00 0.000000000000000000e+00 0.000000000000000000e+00 0.000000000000000000e+00 0.000000000000000000e+00 0.000000000000000000e+00 0.000000000000000000e+00 0.000000000000000000e+00 0.000000000000000000e+00
1.420768636041690874e-02 4.400973759499250682e-02 7.984339181032508448e-02 1.227871618710461160e-01 1.739965011945367457e-01 2.346670739469578493e-01 3.058644517013584530e-01 3.882424594387417494e-01 4.817971037626671005e-01 5.845091103902895213e-01 6.921598791025463937e-01 7.975948860586993261e-01 8.895281602921280006e-01 9.544558960698187322e-01 9.999999999999997780e-01 9.546395962470409779e-01 8.898721709295035476e-01 7.983681221969481934e-01 6.933274467331481672e-01 5.857952215708083221e-01 4.832368212901104743e-01 3.897042529721612691e-01 3.070904288902848167e-01 2.356554227334385632e-01 1.747617310972188198e-01 1.233500667820514735e-01 8.022731852652957574e-02 4.422495229663967603e-02 1.427633101316056960e-02 -1.055291413529276488e-02 -3.105947680246711612e-02 -4.790535542336006591e-02 -6.166200751475070518e-02 -7.278501396547271129e-02 -8.161960343746403612e-02 -8.848378247409723063e-02 -9.360336221180190486e-02 -9.710390286615146194e-02 -9.918269083238559491e-02 -9.984440449686439456e-02 -9.911111516232483376e-02 -9.701669503872639710e-02 -9.344455344567278998e-02 -8.827597494914167509e-02 -8.140258643709336051e-02 -7.255679862809906455e-02 -6.145114936381149834e-02 -4.772300464590699398e-02 -3.092224336342684968e-02 -1.050330937136991979e-02 0.000000000000000000e+00 0.000000000000000000e+00 0.000000000000000000e+00 0.000000000000000000e+00 0.000000000000000000e+00 0.000000000000000000e+00 0.000000000000000000e+00 0.000000000000000000e+00 0.000000000000000000e+00 0.000000000000000000e+00 0.000000000000000000e+00 0.000000000000000000e+00 0.000000000000000000e+00 0.000000000000000000e+00 0.000000000000000000e+00 0.000000000000000000e+00 0.000000000000000000e+00 0.000000000000000000e+00 0.000000000000000000e+00 0.000000000000000000e+00 0.000000000000000000e+00 0.000000000000000000e+00 0.000000000000000000e+00 0.000000000000000000e+00 0.000000000000000000e+00 0.000000000000000000e+00 0.000000000000000000e+00 0.000000000000000000e+00 0.000000000000000000e+00 0.000000000000000000e+00 0.000000000000000000e+00 0.000000000000000000e+00 0.000000000000000000e+00 0.000000000000000000e+00 0.000000000000000000e+00 0.000000000000000000e+00 0.000000000000000000e+00 0.000000000000000000e+00 0.000000000000000000e+00 0.000000000000000000e+00 0.000000000000000000e+00 0.000000000000000000e+00 0.000000000000000000e+00 0.000000000000000000e+00 0.000000000000000000e+00 0.000000000000000000e+00 0.000000000000000000e+00 0.000000000000000000e+00 0.000000000000000000e+00 0.000000000000000000e+00
