1.000000000000000222e+00 8.952151215735242307e-01 7.651308258784458305e-01 5.850367813903053493e-01 3.878379846228823813e-01 2.008304231383416516e-01 4.201960809593184576e-02 -7.977657893321757343e-02 -1.632028422162493941e-01 -2.117244255487051030e-01 -2.311991745712224378e-01 -2.282650751672418155e-01 -2.093511661415372316e-01 -1.802588959554231596e-01 -1.458895068810268369e-01 -1.101432447713493190e-01 -7.587527397422531850e-02 -4.497322125434988910e-02 -1.848741609583933257e-02 3.201946301668933976e-03 2.020109066024473529e-02 3.292927251970782093e-02 4.196121142029900913e-02 4.789141081530688682e-02 5.122481857155909007e-02 5.229686950266436429e-02 5.122481857155990193e-02 4.789141081530699090e-02 4.196121142029955037e-02 3.292927251970897279e-02 2.020109066024638675e-02 3.201946301670321755e-03 -1.848741609583727866e-02 -4.497322125434845969e-02 -7.587527397422351438e-02 -1.101432447713481810e-01 -1.458895068810262818e-01 -1.802588959554229375e-01 -2.093511661415375924e-01 -2.282650751672428979e-01 -2.311991745712244917e-01 -2.117244255487081561e-01 -1.632028422162538073e-01 -7.977657893322386007e-02 4.201960809592644036e-02 2.008304231383347960e-01 3.878379846228768857e-01 5.850367813903014635e-01 7.651308258784428329e-01 8.952151215735246748e-01 0.000000000000000000e+00 0.000000000000000000e+00 0.000000000000000000e+00 0.000000000000000000e+00 0.000000000000000000e+00 0.000000000000000000e+00 0.000000000000000000e+00 0.000000000000000000e+00 0.000000000000000000e+00 0.000000000000000000e+00 0.000000000000000000e+00 0.000000000000000000e+00 0.000000000000000000e+00 0.000000000000000000e+00 0.000000000000000000e+00 0.000000000000000000e+00 0.000000000000000000e+00 0.000000000000000000e+00 0.000000000000000000e+00 0.000000000000000000e+00 0.000000000000000000e+00 0.000000000000000000e+00 0.000000000000000000e+00 0.000000000000000000e+00 0.000000000000000000e+00 0.000000000000000000e+00 0.000000000000000000e+00 0.000000000000000000e+00 0.000000000000000000e+00 0.000000000000000000e+00 0.000000000000000000e+00 0.000000000000000000e+00 0.000000000000000000e+00 0.000000000000000000e+00 0.000000000000000000e+00 0.000000000000000000e+00 0.000000000000000000e+00 0.000000000000000000e+00 0.000000000000000000e+00 0.000000000000000000e+00 0.000000000000000000e+00 0.000000000000000000e+00 0.000000000000000000e+00 0.000000000000000000e+00 0.000000000000000000e+00 0.000000000000000000e+00 0.000000000000000000e+00 0.000000000000000000e+00 0.000000000000000000e+00 0.000000000000000000e+00
8.952151215735242307e-01 1.000000000000000000e+00 8.953424857500291711e-01 7.653978431150401107e-01 5.853013380795575316e-01 3.881002017351544153e-01 2.009639797343850398e-01 4.205114322856833703e-02 -7.985705558806829862e-02 -1.634410631496739652e-01 -2.121235837239197897e-01 -2.317138434748910181e-01 -2.287733976164464389e-01 -2.097681108768583158e-01 -1.805434194064539088e-01 -1.460615363020914825e-01 -1.102342553816214044e-01 -7.591823229575238308e-02 -4.499185022182906890e-02 -1.849313391949815658e-02 3.202849704641305608e-03 2.020510283013095959e-02 3.293444636223256256e-02 4.196647617675609149e-02 4.789617325560754924e-02 5.122873377301190995e-02 5.229971359304144002e-02 5.122642825271337547e-02 4.789167752077939239e-02 4.196013770299756446e-02 3.292712037291101179e-02 2.019868262345921039e-02 3.201231667978523317e-03 -1.848231259012709030e-02 -4.495392643372184832e-02 -7.582318276046881578e-02 -1.100290289063303867e-01 -1.456796718981729633e-01 -1.799231255809944641e-01 -2.089065827018523336e-01 -2.277724779730683768e-01 -2.307726912687740883e-01 -2.114253425886031823e-01 -1.630548893576364566e-01 -7.973048166856994134e-02 4.200126937993207271e-02 2.007368234459815937e-01 3.877230215726031881e-01 5.848813419889344889e-01 7.650684318466783873e-01 0.000000000000000000e+00 0.000000000000000000e+00 0.000000000000000000e+00 0.000000000000000000e+00 0.000000000000000000e+00 0.000000000000000000e+00 0.000000000000000000e+00 0.000000000000000000e+00 0.000000000000000000e+00 0.000000000000000000e+00 0.000000000000000000e+00 0.000000000000000000e+00 0.000000000000000000e+00 0.000000000000000000e+00 0.000000000000000000e+00 0.000000000000000000e+00 0.000000000000000000e+00 0.000000000000000000e+00 0.000000000000000000e+00 0.000000000000000000e+00 0.000000000000000000e+00 0.000000000000000000e+00 0.000000000000000000e+00 0.000000000000000000e+00 0.000000000000000000e+00 0.000000000000000000e+00 0.000000000000000000e+00 0.000000000000000000e+00 0.000000000000000000e+00 0.000000000000000000e+00 0.000000000000000000e+00 0.000000000000000000e+00 0.000000000000000000e+00 0.000000000000000000e+00 0.000000000000000000e+00 0.000000000000000000e+00 0.000000000000000000e+00 0.000000000000000000e+00 0.000000000000000000e+00 0.000000000000000000e+00 0.000000000000000000e+00 0.000000000000000000e+00 0.000000000000000000e+00 0.000000000000000000e+00 0.000000000000000000e+00 0.000000000000000000e+00 0.000000000000000000e+00 0.000000000000000000e+00 0.000000000000000000e+00 0.000000000000000000e+00
7.651308258784458305e-01 8.953424857500291711e-01 9.999999999999998890e-01 8.956130834151302400e-01 7.657538692101896194e-01 5.857538201196466066e-01 3.884275293448467004e-01 2.011516563526677126e-01 4.209777301015531908e-02 -7.997542204891866513e-02 -1.637454668259614166e-01 -2.125921156669482448e-01 -2.322330721734949810e-01 -2.292391254347495300e-01 -2.101121937746142643e-01 -1.807687284783223713e-01 -1.461923226213601434e-01 -1.103041368132127442e-01 -7.595482171157501294e-02 -4.500893559019594065e-02 -1.849878946423091919e-02 3.203764185879478480e-03 2.020963465809174839e-02 3.294078024449983294e-02 4.197346968698213721e-02 4.790307489262862067e-02 5.123501071884938030e-02 5.230494774193947954e-02 5.123026213747119278e-02 4.789381111169515454e-02 4.196039757971717354e-02 3.292565099524135536e-02 2.019635606480202003e-02 3.200464562761073505e-03 -1.847588695580216003e-02 -4.492683052444085973e-02 -7.575121744434386295e-02 -1.098805217608894852e-01 -1.454201816473987274e-01 -1.795519099640856542e-01 -2.084613294563353314e-01 -2.273501772080609717e-01 -2.304404438977373515e-01 -2.112320088382223793e-01 -1.629683013087100674e-01 -7.970396948758093347e-02 4.198740090417851789e-02 2.007032276064207588e-01 3.876564851450039484e-01 5.848813419889339338e-01 0.000000000000000000e+00 0.000000000000000000e+00 0.000000000000000000e+00 0.000000000000000000e+00 0.000000000000000000e+00 0.000000000000000000e+00 0.000000000000000000e+00 0.000000000000000000e+00 0.000000000000000000e+00 0.000000000000000000e+00 0.000000000000000000e+00 0.000000000000000000e+00 0.000000000000000000e+00 0.000000000000000000e+00 0.000000000000000000e+00 0.000000000000000000e+00 0.000000000000000000e+00 0.000000000000000000e+00 0.000000000000000000e+00 0.000000000000000000e+00 0.000000000000000000e+00 0.000000000000000000e+00 0.000000000000000000e+00 0.000000000000000000e+00 0.000000000000000000e+00 0.000000000000000000e+00 0.000000000000000000e+00 0.000000000000000000e+00 0.000000000000000000e+00 0.000000000000000000e+00 0.000000000000000000e+00 0.000000000000000000e+00 0.000000000000000000e+00 0.000000000000000000e+00 0.000000000000000000e+00 0.000000000000000000e+00 0.000000000000000000e+00 0.000000000000000000e+00 0.000000000000000000e+00 0.000000000000000000e+00 0.000000000000000000e+00 0.000000000000000000e+00 0.000000000000000000e+00 0.000000000000000000e+00 0.000000000000000000e+00 0.000000000000000000e+00 0.000000000000000000e+00 0.000000000000000000e+00 0.000000000000000000e+00 0.000000000000000000e+00
5.850367813903053493e-01 7.653978431150401107e-01 8.956130834151302400e-01 1.000000000000000000e+00 8.959929404558791832e-01 7.663669694174262137e-01 5.863466933214953603e-01 3.888900923525657194e-01 2.014250709550097496e-01 4.216650360158804428e-02 -8.013143127167905722e-02 -1.641176526269954583e-01 -2.130865053356951477e-01 -2.327325648925539225e-01 -2.296463329542185183e-01 -2.104048808624298939e-01 -1.809569642591635774e-01 -1.463060310801551911e-01 -1.103730401679457462e-01 -7.599449067548688652e-02 -4.502921409714445711e-02 -1.850615367400531425e-02 3.204956941173616163e-03 2.021638268816495707e-02 3.295095997716325498e-02 4.198553377629039851e-02 4.791585430685414010e-02 5.124757620789926332e-02 5.231650816782832530e-02 5.124009613807677110e-02 4.790124750647443974e-02 4.196488425915885501e-02 3.292699122169958498e-02 2.019526654695295159e-02 3.199801982713073624e-03 -1.846785202182416041e-02 -4.489206473378858780e-02 -7.566273212585740426e-02 -1.097048303877934949e-01 -1.451449683360250542e-01 -1.791952029678469671e-01 -2.080975679491106622e-01 -2.270408014517335260e-01 -2.302460096196510542e-01 -2.111392554276844968e-01 -1.629357513364697307e-01 -7.969082040981753656e-02 4.198801793306532193e-02 2.007032276064212029e-01 3.877230215726037432e-01 0.000000000000000000e+00 0.000000000000000000e+00 0.000000000000000000e+00 0.000000000000000000e+00 0.000000000000000000e+00 0.000000000000000000e+00 0.000000000000000000e+00 0.000000000000000000e+00 0.000000000000000000e+00 0.000000000000000000e+00 0.000000000000000000e+00 0.000000000000000000e+00 0.000000000000000000e+00 0.000000000000000000e+00 0.000000000000000000e+00 0.000000000000000000e+00 0.000000000000000000e+00 0.000000000000000000e+00 0.000000000000000000e+00 0.000000000000000000e+00 0.000000000000000000e+00 0.000000000000000000e+00 0.000000000000000000e+00 0.000000000000000000e+00 0.000000000000000000e+00 0.000000000000000000e+00 0.000000000000000000e+00 0.000000000000000000e+00 0.000000000000000000e+00 0.000000000000000000e+00 0.000000000000000000e+00 0.000000000000000000e+00 0.000000000000000000e+00 0.000000000000000000e+00 0.000000000000000000e+00 0.000000000000000000e+00 0.000000000000000000e+00 0.000000000000000000e+00 0.000000000000000000e+00 0.000000000000000000e+00 0.000000000000000000e+00 0.000000000000000000e+00 0.000000000000000000e+00 0.000000000000000000e+00 0.000000000000000000e+00 0.000000000000000000e+00 0.000000000000000000e+00 0.000000000000000000e+00 0.000000000000000000e+00 0.000000000000000000e+00
3.878379846228823813e-01 5.853013380795575316e-01 7.657538692101896194e-01 8.959929404558791832e-01 1.000000000000000000e+00 8.965059821853988975e-01 7.670425670125600170e-01 5.870487383137662496e-01 3.894500885718250593e-01 2.017640423156958907e-01 4.224658992976373928e-02 -8.030628686136498384e-02 -1.644848970888068140e-01 -2.135323624558795597e-01 -2.331385019275800941e-01 -2.299619595599183552e-01 -2.106207005510424835e-01 -1.810945545480448504e-01 -1.463945723397432896e-01 -1.104283687991838292e-01 -7.602709470200277875e-02 -4.504622072563320423e-02 -1.851245889070119235e-02 3.205928165695900826e-03 2.022217000815982810e-02 3.295974151129493768e-02 4.199591733451825404e-02 4.792673729041571629e-02 5.125804283665613692e-02 5.232575033094069572e-02 5.124736176672558402e-02 4.790584105565554029e-02 4.196627483536800179e-02 3.292514042586173334e-02 2.019141577568223794e-02 3.198459399807643440e-03 -1.845386084339173741e-02 -4.484087979472300978e-02 -7.554442841291202082e-02 -1.095007747627211453e-01 -1.448588901229244941e-01 -1.788799039354865283e-01 -2.078045471214749473e-01 -2.268334225689494221e-01 -2.301284808932372028e-01 -2.110857226851515500e-01 -1.629037521027244806e-01 -7.969082040981750881e-02 4.198740090417953791e-02 2.007368234459823708e-01 0.000000000000000000e+00 0.000000000000000000e+00 0.000000000000000000e+00 0.000000000000000000e+00 0.000000000000000000e+00 0.000000000000000000e+00 0.000000000000000000e+00 0.000000000000000000e+00 0.000000000000000000e+00 0.000000000000000000e+00 0.000000000000000000e+00 0.000000000000000000e+00 0.000000000000000000e+00 0.000000000000000000e+00 0.000000000000000000e+00 0.000000000000000000e+00 0.000000000000000000e+00 0.000000000000000000e+00 0.000000000000000000e+00 0.000000000000000000e+00 0.000000000000000000e+00 0.000000000000000000e+00 0.000000000000000000e+00 0.000000000000000000e+00 0.000000000000000000e+00 0.000000000000000000e+00 0.000000000000000000e+00 0.000000000000000000e+00 0.000000000000000000e+00 0.000000000000000000e+00 0.000000000000000000e+00 0.000000000000000000e+00 0.000000000000000000e+00 0.000000000000000000e+00 0.000000000000000000e+00 0.000000000000000000e+00 0.000000000000000000e+00 0.000000000000000000e+00 0.000000000000000000e+00 0.000000000000000000e+00 0.000000000000000000e+00 0.000000000000000000e+00 0.000000000000000000e+00 0.000000000000000000e+00 0.000000000000000000e+00 0.000000000000000000e+00 0.000000000000000000e+00 0.000000000000000000e+00 0.000000000000000000e+00 0.000000000000000000e+00
2.008304231383416516e-01 3.881002017351544153e-01 5.857538201196466066e-01 7.663669694174262137e-01 8.965059821853988975e-01 9.999999999999998890e-01 8.971552890143794645e-01 7.679366321751404101e-01 5.879706822355822426e-01 3.901856502787253156e-01 2.021847474493115859e-01 4.234372409277890187e-02 -8.049606919871395150e-02 -1.648547763867413696e-01 -2.139456487289712328e-01 -2.335081953892766959e-01 -2.302477303133253772e-01 -2.108259479799527158e-01 -1.812420171462943708e-01 -1.464978165047357006e-01 -1.104978017774235904e-01 -7.607076758350199419e-02 -4.507034442077997166e-02 -1.852187117100322078e-02 3.207391906671944095e-03 2.023141722557893207e-02 3.297425071921575301e-02 4.201361740691008512e-02 4.794590607319518943e-02 5.127720653799394679e-02 5.234358131478319270e-02 5.126259060814111063e-02 4.791722256385193279e-02 4.197268587573644433e-02 3.292595532698160132e-02 2.018736560042167644e-02 3.196900808656668452e-03 -1.843734226979034524e-02 -4.478253967742003988e-02 -7.542441105242986277e-02 -1.093143516953695854e-01 -1.446404581628614738e-01 -1.786686864880721592e-01 -2.076572046591124154e-01 -2.267612466826000872e-01 -2.301144049480782494e-01 -2.110857226851535762e-01 -1.629357513364719789e-01 -7.970396948758279310e-02 4.200126937993362702e-02 0.000000000000000000e+00 0.000000000000000000e+00 0.000000000000000000e+00 0.000000000000000000e+00 0.000000000000000000e+00 0.000000000000000000e+00 0.000000000000000000e+00 0.000000000000000000e+00 0.000000000000000000e+00 0.000000000000000000e+00 0.000000000000000000e+00 0.000000000000000000e+00 0.000000000000000000e+00 0.000000000000000000e+00 0.000000000000000000e+00 0.000000000000000000e+00 0.000000000000000000e+00 0.000000000000000000e+00 0.000000000000000000e+00 0.000000000000000000e+00 0.000000000000000000e+00 0.000000000000000000e+00 0.000000000000000000e+00 0.000000000000000000e+00 0.000000000000000000e+00 0.000000000000000000e+00 0.000000000000000000e+00 0.000000000000000000e+00 0.000000000000000000e+00 0.000000000000000000e+00 0.000000000000000000e+00 0.000000000000000000e+00 0.000000000000000000e+00 0.000000000000000000e+00 0.000000000000000000e+00 0.000000000000000000e+00 0.000000000000000000e+00 0.000000000000000000e+00 0.000000000000000000e+00 0.000000000000000000e+00 0.000000000000000000e+00 0.000000000000000000e+00 0.000000000000000000e+00 0.000000000000000000e+00 0.000000000000000000e+00 0.000000000000000000e+00 0.000000000000000000e+00 0.000000000000000000e+00 0.000000000000000000e+00 0.000000000000000000e+00
4.201960809593184576e-02 2.009639797343850398e-01 3.884275293448467004e-01 5.863466933214953603e-01 7.670425670125600170e-01 8.971552890143794645e-01 1.000000000000000222e+00 8.978580598801425561e-01 7.689329265934375934e-01 5.890054667024958723e-01 3.909750979624609935e-01 2.026351892973532465e-01 4.244008759259627200e-02 -8.067384180615223832e-02 -1.651755244796430100e-01 -2.142947206097706447e-01 -2.338129123710315505e-01 -2.304869911045743791e-01 -2.110103904546884457e-01 -1.813796433893395399e-01 -1.465968820241954629e-01 -1.105658858759349106e-01 -7.611433216513434352e-02 -4.509473585371028687e-02 -1.853149990747018222e-02 3.208856630640954336e-03 2.024089747945019210e-02 3.298915517235256195e-02 4.203175939578696063e-02 4.796542125374259752e-02 5.129645699652977259e-02 5.236104785833869263e-02 5.127677314685915450e-02 4.792659139053167400e-02 4.197574413340058458e-02 3.292118475032434349e-02 2.017839687136299340e-02 3.194486320882523097e-03 -1.841509565549597632e-02 -4.471642901495147260e-02 -7.530497604805765077e-02 -1.091617925106486281e-01 -1.444836362875358549e-01 -1.785559100887021966e-01 -2.076046504037384055e-01 -2.267612466826010864e-01 -2.301284808932397841e-01 -2.111392554276863287e-01 -1.629683013087112886e-01 -7.973048166856898378e-02 0.000000000000000000e+00 0.000000000000000000e+00 0.000000000000000000e+00 0.000000000000000000e+00 0.000000000000000000e+00 0.000000000000000000e+00 0.000000000000000000e+00 0.000000000000000000e+00 0.000000000000000000e+00 0.000000000000000000e+00 0.000000000000000000e+00 0.000000000000000000e+00 0.000000000000000000e+00 0.000000000000000000e+00 0.000000000000000000e+00 0.000000000000000000e+00 0.000000000000000000e+00 0.000000000000000000e+00 0.000000000000000000e+00 0.000000000000000000e+00 0.000000000000000000e+00 0.000000000000000000e+00 0.000000000000000000e+00 0.000000000000000000e+00 0.000000000000000000e+00 0.000000000000000000e+00 0.000000000000000000e+00 0.000000000000000000e+00 0.000000000000000000e+00 0.000000000000000000e+00 0.000000000000000000e+00 0.000000000000000000e+00 0.000000000000000000e+00 0.000000000000000000e+00 0.000000000000000000e+00 0.000000000000000000e+00 0.000000000000000000e+00 0.000000000000000000e+00 0.000000000000000000e+00 0.000000000000000000e+00 0.000000000000000000e+00 0.000000000000000000e+00 0.000000000000000000e+00 0.000000000000000000e+00 0.000000000000000000e+00 0.000000000000000000e+00 0.000000000000000000e+00 0.000000000000000000e+00 0.000000000000000000e+00 0.000000000000000000e+00
-7.977657893321757343e-02 4.205114322856833703e-02 2.011516563526677126e-01 3.888900923525657194e-01 5.870487383137662496e-01 7.679366321751404101e-01 8.978580598801425561e-01 1.000000000000000000e+00 8.986372878242109286e-01 7.700449756133977974e-01 5.901066764621002436e-01 3.918192132562326457e-01 2.030922185548571790e-01 4.253517334261283644e-02 -8.084030851090472092e-02 -1.654748573447269999e-01 -2.146209086067509819e-01 -2.341099425149439917e-01 -2.307420550646059609e-01 -2.112182273239646413e-01 -1.815416040331901959e-01 -1.467176167053852176e-01 -1.106512041786509998e-01 -7.617011309807214525e-02 -4.512647596953590912e-02 -1.854417102609989473e-02 3.210831767655946984e-03 2.025363556454370939e-02 3.300928894816648057e-02 4.205639276590443509e-02 4.799204978655900039e-02 5.132284750404237511e-02 5.238508278654523120e-02 5.129627652856478398e-02 4.793913128267814766e-02 4.197785457454154823e-02 3.291326832454485180e-02 2.016677545983340536e-02 3.191601461177836444e-03 -1.839253006436996837e-02 -4.465761680290664115e-02 -7.522041812461278953e-02 -1.090727442686034582e-01 -1.444299040597172568e-01 -1.785559100887031958e-01 -2.076572046591151632e-01 -2.268334225689523642e-01 -2.302460096196540518e-01 -2.112320088382239336e-01 -1.630548893576346525e-01 0.000000000000000000e+00 0.000000000000000000e+00 0.000000000000000000e+00 0.000000000000000000e+00 0.000000000000000000e+00 0.000000000000000000e+00 0.000000000000000000e+00 0.000000000000000000e+00 0.000000000000000000e+00 0.000000000000000000e+00 0.000000000000000000e+00 0.000000000000000000e+00 0.000000000000000000e+00 0.000000000000000000e+00 0.000000000000000000e+00 0.000000000000000000e+00 0.000000000000000000e+00 0.000000000000000000e+00 0.000000000000000000e+00 0.000000000000000000e+00 0.000000000000000000e+00 0.000000000000000000e+00 0.000000000000000000e+00 0.000000000000000000e+00 0.000000000000000000e+00 0.000000000000000000e+00 0.000000000000000000e+00 0.000000000000000000e+00 0.000000000000000000e+00 0.000000000000000000e+00 0.000000000000000000e+00 0.000000000000000000e+00 0.000000000000000000e+00 0.000000000000000000e+00 0.000000000000000000e+00 0.000000000000000000e+00 0.000000000000000000e+00 0.000000000000000000e+00 0.000000000000000000e+00 0.000000000000000000e+00 0.000000000000000000e+00 0.000000000000000000e+00 0.000000000000000000e+00 0.000000000000000000e+00 0.000000000000000000e+00 0.000000000000000000e+00 0.000000000000000000e+00 0.000000000000000000e+00 0.000000000000000000e+00 0.000000000000000000e+00
-1.632028422162493941e-01 -7.985705558806829862e-02 4.209777301015531908e-02 2.014250709550097496e-01 3.894500885718250593e-01 5.879706822355822426e-01 7.689329265934375934e-01 8.986372878242109286e-01 9.999999999999998890e-01 8.994711136590870515e-01 7.711814536007853826e-01 5.912466434517932301e-01 3.926647496154972994e-01 2.035498379339295838e-01 4.262831892328040884e-02 -8.100562878921065135e-02 -1.657769172625691845e-01 -2.149667234141753869e-01 -2.344522148998802180e-01 -2.310515605245831439e-01 -2.114807459182696525e-01 -1.817528464406857891e-01 -1.468791211586815693e-01 -1.107675598578904408e-01 -7.624727717947735184e-02 -4.517082280073798917e-02 -1.856196974393372820e-02 3.213707564978382763e-03 2.027186833209813216e-02 3.303818812779290431e-02 4.209188463004028685e-02 4.803058428624479292e-02 5.136122117886621208e-02 5.242017632183420400e-02 5.132465427212480613e-02 4.795570944258458618e-02 4.198044765407293877e-02 3.290455263045725942e-02 2.015426218841633033e-02 3.188981336577593508e-03 -1.837494701243994055e-02 -4.462404230755383922e-02 -7.518718687023354108e-02 -1.090727442686044019e-01 -1.444836362875377977e-01 -1.786686864880747960e-01 -2.078045471214789719e-01 -2.270408014517378559e-01 -2.304404438977394054e-01 -2.114253425886016280e-01 0.000000000000000000e+00 0.000000000000000000e+00 0.000000000000000000e+00 0.000000000000000000e+00 0.000000000000000000e+00 0.000000000000000000e+00 0.000000000000000000e+00 0.000000000000000000e+00 0.000000000000000000e+00 0.000000000000000000e+00 0.000000000000000000e+00 0.000000000000000000e+00 0.000000000000000000e+00 0.000000000000000000e+00 0.000000000000000000e+00 0.000000000000000000e+00 0.000000000000000000e+00 0.000000000000000000e+00 0.000000000000000000e+00 0.000000000000000000e+00 0.000000000000000000e+00 0.000000000000000000e+00 0.000000000000000000e+00 0.000000000000000000e+00 0.000000000000000000e+00 0.000000000000000000e+00 0.000000000000000000e+00 0.000000000000000000e+00 0.000000000000000000e+00 0.000000000000000000e+00 0.000000000000000000e+00 0.000000000000000000e+00 0.000000000000000000e+00 0.000000000000000000e+00 0.000000000000000000e+00 0.000000000000000000e+00 0.000000000000000000e+00 0.000000000000000000e+00 0.000000000000000000e+00 0.000000000000000000e+00 0.000000000000000000e+00 0.000000000000000000e+00 0.000000000000000000e+00 0.000000000000000000e+00 0.000000000000000000e+00 0.000000000000000000e+00 0.000000000000000000e+00 0.000000000000000000e+00 0.000000000000000000e+00 0.000000000000000000e+00
-2.117244255487051030e-01 -1.634410631496739652e-01 -7.997542204891866513e-02 4.216650360158804428e-02 2.017640423156958907e-01 3.901856502787253156e-01 5.890054667024958723e-01 7.700449756133977974e-01 8.994711136590870515e-01 1.000000000000000222e+00 9.002811666064483020e-01 7.723134179455507509e-01 5.923620561418960762e-01 3.935103952744530842e-01 2.040088218908703566e-01 4.272448520351045803e-02 -8.117992812891923482e-02 -1.661101474424414304e-01 -2.153751008429365399e-01 -2.348733210610383648e-01 -2.314445324740152521e-01 -2.118225757823435640e-01 -1.820334761465833839e-01 -1.470970184057491525e-01 -1.109263558936126187e-01 -7.635344544773585429e-02 -4.523216102046741932e-02 -1.858663281731435038e-02 3.217814467654131830e-03 2.029745363175624109e-02 3.307875449310021532e-02 4.214175137612805044e-02 4.808475861131501772e-02 5.141510941665158180e-02 5.246905095376586114e-02 5.136192407337183963e-02 4.797707060215315039e-02 4.198569280528030578e-02 3.289723331256640820e-02 2.014524100703893317e-02 3.187408401329246393e-03 -1.836915481976203468e-02 -4.462404230755453310e-02 -7.522041812461408017e-02 -1.091617925106514037e-01 -1.446404581628655261e-01 -1.788799039354904696e-01 -2.080975679491136876e-01 -2.273501772080636363e-01 -2.307726912687747822e-01 0.000000000000000000e+00 0.000000000000000000e+00 0.000000000000000000e+00 0.000000000000000000e+00 0.000000000000000000e+00 0.000000000000000000e+00 0.000000000000000000e+00 0.000000000000000000e+00 0.000000000000000000e+00 0.000000000000000000e+00 0.000000000000000000e+00 0.000000000000000000e+00 0.000000000000000000e+00 0.000000000000000000e+00 0.000000000000000000e+00 0.000000000000000000e+00 0.000000000000000000e+00 0.000000000000000000e+00 0.000000000000000000e+00 0.000000000000000000e+00 0.000000000000000000e+00 0.000000000000000000e+00 0.000000000000000000e+00 0.000000000000000000e+00 0.000000000000000000e+00 0.000000000000000000e+00 0.000000000000000000e+00 0.000000000000000000e+00 0.000000000000000000e+00 0.000000000000000000e+00 0.000000000000000000e+00 0.000000000000000000e+00 0.000000000000000000e+00 0.000000000000000000e+00 0.000000000000000000e+00 0.000000000000000000e+00 0.000000000000000000e+00 0.000000000000000000e+00 0.000000000000000000e+00 0.000000000000000000e+00 0.000000000000000000e+00 0.000000000000000000e+00 0.000000000000000000e+00 0.000000000000000000e+00 0.000000000000000000e+00 0.000000000000000000e+00 0.000000000000000000e+00 0.000000000000000000e+00 0.000000000000000000e+00 0.000000000000000000e+00
-2.311991745712224378e-01 -2.121235837239197897e-01 -1.637454668259614166e-01 -8.013143127167905722e-02 4.224658992976373928e-02 2.021847474493115859e-01 3.909750979624609935e-01 5.901066764621002436e-01 7.711814536007853826e-01 9.002811666064483020e-01 1.000000000000000222e+00 9.010037978943339354e-01 7.733237471341321001e-01 5.934043430717232948e-01 3.943167586150869708e-01 2.044627133377879546e-01 4.282142404702860006e-02 -8.136135150267354010e-02 -1.664743639755541793e-01 -2.158336621372972386e-01 -2.353557367263507394e-01 -2.319019008862565345e-01 -2.122254307518063876e-01 -1.823673952546601695e-01 -1.473581157011077947e-01 -1.111175395870750010e-01 -7.648162557411004869e-02 -4.530629234257459170e-02 -1.861639649884511832e-02 3.222867762919743792e-03 2.032842377505115691e-02 3.312764766044258569e-02 4.220150433614401619e-02 4.814902780807903820e-02 5.147772207913282883e-02 5.252206614713926525e-02 5.139941317512263658e-02 4.799682103935182936e-02 4.198858976562968442e-02 3.289228423055619993e-02 2.014100569139546174e-02 3.187408401328381633e-03 -1.837494701244088077e-02 -4.465761680290852853e-02 -7.530497604806016265e-02 -1.093143516953730965e-01 -1.448588901229280190e-01 -1.791952029678501590e-01 -2.084613294563369412e-01 -2.277724779730683768e-01 0.000000000000000000e+00 0.000000000000000000e+00 0.000000000000000000e+00 0.000000000000000000e+00 0.000000000000000000e+00 0.000000000000000000e+00 0.000000000000000000e+00 0.000000000000000000e+00 0.000000000000000000e+00 0.000000000000000000e+00 0.000000000000000000e+00 0.000000000000000000e+00 0.000000000000000000e+00 0.000000000000000000e+00 0.000000000000000000e+00 0.000000000000000000e+00 0.000000000000000000e+00 0.000000000000000000e+00 0.000000000000000000e+00 0.000000000000000000e+00 0.000000000000000000e+00 0.000000000000000000e+00 0.000000000000000000e+00 0.000000000000000000e+00 0.000000000000000000e+00 0.000000000000000000e+00 0.000000000000000000e+00 0.000000000000000000e+00 0.000000000000000000e+00 0.000000000000000000e+00 0.000000000000000000e+00 0.000000000000000000e+00 0.000000000000000000e+00 0.000000000000000000e+00 0.000000000000000000e+00 0.000000000000000000e+00 0.000000000000000000e+00 0.000000000000000000e+00 0.000000000000000000e+00 0.000000000000000000e+00 0.000000000000000000e+00 0.000000000000000000e+00 0.000000000000000000e+00 0.000000000000000000e+00 0.000000000000000000e+00 0.000000000000000000e+00 0.000000000000000000e+00 0.000000000000000000e+00 0.000000000000000000e+00 0.000000000000000000e+00
-2.282650751672418155e-01 -2.317138434748910181e-01 -2.125921156669482448e-01 -1.641176526269954583e-01 -8.030628686136498384e-02 4.234372409277890187e-02 2.026351892973532465e-01 3.918192132562326457e-01 5.912466434517932301e-01 7.723134179455507509e-01 9.010037978943339354e-01 1.000000000000000000e+00 9.016082905392975855e-01 7.742326418912206520e-01 5.943732189998605087e-01 3.950975468017665637e-01 2.049093772514130329e-01 4.291905464728341252e-02 -8.155079177440835436e-02 -1.668618776774260237e-01 -2.163283952103132179e-01 -2.358821278324146620e-01 -2.324056062879342743e-01 -2.126723835987168743e-01 -1.827399368923803002e-01 -1.476505455928679433e-01 -1.113321634680532884e-01 -7.662564649947518902e-02 -4.538953521217032466e-02 -1.864972470448174324e-02 3.228600511966848996e-03 2.036300849955153397e-02 3.318181531249898841e-02 4.226689923000191695e-02 4.821775588210161501e-02 5.154037881088791018e-02 5.257115856718458380e-02 5.143106959470004208e-02 4.800999104573354381e-02 4.199100375770256632e-02 3.289228423055682443e-02 2.014524100703858622e-02 3.188981336576903088e-03 -1.839253006437166840e-02 -4.471642901495362366e-02 -7.542441105243226362e-02 -1.095007747627239486e-01 -1.451449683360277743e-01 -1.795519099640870975e-01 -2.089065827018526667e-01 0.000000000000000000e+00 0.000000000000000000e+00 0.000000000000000000e+00 0.000000000000000000e+00 0.000000000000000000e+00 0.000000000000000000e+00 0.000000000000000000e+00 0.000000000000000000e+00 0.000000000000000000e+00 0.000000000000000000e+00 0.000000000000000000e+00 0.000000000000000000e+00 0.000000000000000000e+00 0.000000000000000000e+00 0.000000000000000000e+00 0.000000000000000000e+00 0.000000000000000000e+00 0.000000000000000000e+00 0.000000000000000000e+00 0.000000000000000000e+00 0.000000000000000000e+00 0.000000000000000000e+00 0.000000000000000000e+00 0.000000000000000000e+00 0.000000000000000000e+00 0.000000000000000000e+00 0.000000000000000000e+00 0.000000000000000000e+00 0.000000000000000000e+00 0.000000000000000000e+00 0.000000000000000000e+00 0.000000000000000000e+00 0.000000000000000000e+00 0.000000000000000000e+00 0.000000000000000000e+00 0.000000000000000000e+00 0.000000000000000000e+00 0.000000000000000000e+00 0.000000000000000000e+00 0.000000000000000000e+00 0.000000000000000000e+00 0.000000000000000000e+00 0.000000000000000000e+00 0.000000000000000000e+00 0.000000000000000000e+00 0.000000000000000000e+00 0.000000000000000000e+00 0.000000000000000000e+00 0.000000000000000000e+00 0.000000000000000000e+00
-2.093511661415372316e-01 -2.287733976164464389e-01 -2.322330721734949810e-01 -2.130865053356951477e-01 -1.644848970888068140e-01 -8.049606919871395150e-02 4.244008759259627200e-02 2.030922185548571790e-01 3.926647496154972994e-01 5.923620561418960762e-01 7.733237471341321001e-01 9.016082905392975855e-01 1.000000000000000222e+00 9.020745804084142616e-01 7.749944347559675206e-01 5.952270643435773056e-01 3.957946014750277075e-01 2.053141557710178589e-01 4.300999772423998169e-02 -8.172917860523089273e-02 -1.672298068251956704e-01 -2.168011441986725518e-01 -2.363876762219903616e-01 -2.328912059175196891e-01 -2.131043731015296039e-01 -1.831004872664339922e-01 -1.479335992406327627e-01 -1.115396788211674983e-01 -7.676456196983034996e-02 -4.546950521106956494e-02 -1.868152903805611609e-02 3.234105133432354281e-03 2.039549908724800492e-02 3.323172062342592131e-02 4.232513447507700588e-02 4.827388888006133721e-02 5.158568482778818493e-02 5.260052348066383138e-02 5.144220640592600535e-02 4.800999104573296095e-02 4.198858976563049628e-02 3.289723331256644290e-02 2.015426218841613257e-02 3.191601461176098251e-03 -1.841509565549775268e-02 -4.478253967742190644e-02 -7.554442841291368615e-02 -1.097048303877952852e-01 -1.454201816473999764e-01 -1.799231255809948249e-01 0.000000000000000000e+00 0.000000000000000000e+00 0.000000000000000000e+00 0.000000000000000000e+00 0.000000000000000000e+00 0.000000000000000000e+00 0.000000000000000000e+00 0.000000000000000000e+00 0.000000000000000000e+00 0.000000000000000000e+00 0.000000000000000000e+00 0.000000000000000000e+00 0.000000000000000000e+00 0.000000000000000000e+00 0.000000000000000000e+00 0.000000000000000000e+00 0.000000000000000000e+00 0.000000000000000000e+00 0.000000000000000000e+00 0.000000000000000000e+00 0.000000000000000000e+00 0.000000000000000000e+00 0.000000000000000000e+00 0.000000000000000000e+00 0.000000000000000000e+00 0.000000000000000000e+00 0.000000000000000000e+00 0.000000000000000000e+00 0.000000000000000000e+00 0.000000000000000000e+00 0.000000000000000000e+00 0.000000000000000000e+00 0.000000000000000000e+00 0.000000000000000000e+00 0.000000000000000000e+00 0.000000000000000000e+00 0.000000000000000000e+00 0.000000000000000000e+00 0.000000000000000000e+00 0.000000000000000000e+00 0.000000000000000000e+00 0.000000000000000000e+00 0.000000000000000000e+00 0.000000000000000000e+00 0.000000000000000000e+00 0.000000000000000000e+00 0.000000000000000000e+00 0.000000000000000000e+00 0.000000000000000000e+00 0.000000000000000000e+00
-1.802588959554231596e-01 -2.097681108768583158e-01 -2.292391254347495300e-01 -2.327325648925539225e-01 -2.135323624558795597e-01 -1.648547763867413696e-01 -8.067384180615223832e-02 4.253517334261283644e-02 2.035498379339295838e-01 3.935103952744530842e-01 5.934043430717232948e-01 7.742326418912206520e-01 9.020745804084142616e-01 9.999999999999998890e-01 9.024326959484681998e-01 7.756351037925908187e-01 5.959421144555019367e-01 3.963817230128650060e-01 2.056624550422449238e-01 4.308889555920324133e-02 -8.188443840972586818e-02 -1.675513240713236984e-01 -2.172154545452987529e-01 -2.368315786803419920e-01 -2.333179716053016550e-01 -2.134839567109273750e-01 -1.834168867671966130e-01 -1.481813655523058493e-01 -1.117206086067178694e-01 -7.688498804103177653e-02 -4.553826396234747498e-02 -1.870853777184738886e-02 3.238760707240645638e-03 2.042203007971532536e-02 3.327058337819456535e-02 4.236544502444516275e-02 4.830598017405365180e-02 5.160336503106624506e-02 5.260052348066387995e-02 5.143106959469925105e-02 4.799682103935157262e-02 4.198569280527950087e-02 3.290455263045698880e-02 2.016677545983201758e-02 3.194486320881840050e-03 -1.843734226979114668e-02 -4.484087979472343999e-02 -7.566273212585752916e-02 -1.098805217608902901e-01 -1.456796718981727967e-01 0.000000000000000000e+00 0.000000000000000000e+00 0.000000000000000000e+00 0.000000000000000000e+00 0.000000000000000000e+00 0.000000000000000000e+00 0.000000000000000000e+00 0.000000000000000000e+00 0.000000000000000000e+00 0.000000000000000000e+00 0.000000000000000000e+00 0.000000000000000000e+00 0.000000000000000000e+00 0.000000000000000000e+00 0.000000000000000000e+00 0.000000000000000000e+00 0.000000000000000000e+00 0.000000000000000000e+00 0.000000000000000000e+00 0.000000000000000000e+00 0.000000000000000000e+00 0.000000000000000000e+00 0.000000000000000000e+00 0.000000000000000000e+00 0.000000000000000000e+00 0.000000000000000000e+00 0.000000000000000000e+00 0.000000000000000000e+00 0.000000000000000000e+00 0.000000000000000000e+00 0.000000000000000000e+00 0.000000000000000000e+00 0.000000000000000000e+00 0.000000000000000000e+00 0.000000000000000000e+00 0.000000000000000000e+00 0.000000000000000000e+00 0.000000000000000000e+00 0.000000000000000000e+00 0.000000000000000000e+00 0.000000000000000000e+00 0.000000000000000000e+00 0.000000000000000000e+00 0.000000000000000000e+00 0.000000000000000000e+00 0.000000000000000000e+00 0.000000000000000000e+00 0.000000000000000000e+00 0.000000000000000000e+00 0.000000000000000000e+00
-1.458895068810268369e-01 -1.805434194064539088e-01 -2.101121937746142643e-01 -2.296463329542185183e-01 -2.331385019275800941e-01 -2.139456487289712328e-01 -1.651755244796430100e-01 -8.084030851090472092e-02 4.262831892328040884e-02 2.040088218908703566e-01 3.943167586150869708e-01 5.943732189998605087e-01 7.749944347559675206e-01 9.024326959484681998e-01 1.000000000000000000e+00 9.027269857157386168e-01 7.761316131930225959e-01 5.964877210635476379e-01 3.968384411853274618e-01 2.059350389900795608e-01 4.315097176082258873e-02 -8.200653248949892060e-02 -1.678045647009884789e-01 -2.175417800586871009e-01 -2.371807540603909081e-01 -2.336527931215015008e-01 -2.137805828645714668e-01 -1.836627864130222498e-01 -1.483725208837026466e-01 -1.118588449027346637e-01 -7.697578995699545790e-02 -4.558915482164018623e-02 -1.872797795976496177e-02 3.242011288674181285e-03 2.043903481465914398e-02 3.329094862004907535e-02 4.237911824664265803e-02 4.830598017405380445e-02 5.158568482778808778e-02 5.257115856718445196e-02 5.139941317512257413e-02 4.797707060215262304e-02 4.198044765407256407e-02 3.291326832454439383e-02 2.017839687136278176e-02 3.196900808656384825e-03 -1.845386084339149455e-02 -4.489206473378810208e-02 -7.575121744434350213e-02 -1.100290289063294569e-01 0.000000000000000000e+00 0.000000000000000000e+00 0.000000000000000000e+00 0.000000000000000000e+00 0.000000000000000000e+00 0.000000000000000000e+00 0.000000000000000000e+00 0.000000000000000000e+00 0.000000000000000000e+00 0.000000000000000000e+00 0.000000000000000000e+00 0.000000000000000000e+00 0.000000000000000000e+00 0.000000000000000000e+00 0.000000000000000000e+00 0.000000000000000000e+00 0.000000000000000000e+00 0.000000000000000000e+00 0.000000000000000000e+00 0.000000000000000000e+00 0.000000000000000000e+00 0.000000000000000000e+00 0.000000000000000000e+00 0.000000000000000000e+00 0.000000000000000000e+00 0.000000000000000000e+00 0.000000000000000000e+00 0.000000000000000000e+00 0.000000000000000000e+00 0.000000000000000000e+00 0.000000000000000000e+00 0.000000000000000000e+00 0.000000000000000000e+00 0.000000000000000000e+00 0.000000000000000000e+00 0.000000000000000000e+00 0.000000000000000000e+00 0.000000000000000000e+00 0.000000000000000000e+00 0.000000000000000000e+00 0.000000000000000000e+00 0.000000000000000000e+00 0.000000000000000000e+00 0.000000000000000000e+00 0.000000000000000000e+00 0.000000000000000000e+00 0.000000000000000000e+00 0.000000000000000000e+00 0.000000000000000000e+00 0.000000000000000000e+00
