1.000000000000000000e+00 9.589628751462382361e-01 8.524195991575926890e-01 7.012945918897918185e-01 5.362985284318855239e-01 3.824659447068698426e-01 2.542582426209127888e-01 1.556039268373385909e-01 8.475137113522109023e-02 3.139252226350033870e-02 -8.842803919879696495e-03 -4.324211302404148277e-02 -7.005583917387175896e-02 -9.501529625378524191e-02 -1.127876309824158985e-01 -1.235497493527527996e-01 -1.250896512678598416e-01 -1.162032853466223453e-01 -1.003557367008699186e-01 -7.951191267797762252e-02 -6.136402836762604868e-02 -4.674909400357844108e-02 -3.311700281890464503e-02 -2.635124779666200498e-02 -1.998439420666109703e-02 -1.615338931866893216e-02 -1.777354104474381316e-02 -2.365577725765359227e-02 -3.381884008968560201e-02 -4.866481618558594902e-02 -6.405545544378175860e-02 -8.284841561937932031e-02 -9.905670071490867146e-02 -1.142575555841243984e-01 -1.224402374517292724e-01 -1.235267466961424282e-01 -1.159554640930968855e-01 -9.919867394912984526e-02 -7.594198247041480943e-02 -4.924924115562780841e-02 -1.686726239278809117e-02 2.202115028204978606e-02 7.287923540717204662e-02 1.444637723828834097e-01 2.435447690098370699e-01 3.740829676567822282e-01 5.319923728569456722e-01 7.001903745227415765e-01 8.522095176611931278e-01 9.588629925993078507e-01 9.351690779320737112e-01 9.083144451164367750e-01 8.345215770869808258e-01 7.294845259237316970e-01 6.123111429628975699e-01 4.983899623931229983e-01 3.979639145510442400e-01 3.133675927070424527e-01 2.436225229480602772e-01 1.868815925680378520e-01 1.380543617716503690e-01 9.305797980620397758e-02 5.351902256669722330e-02 1.732813991738172202e-02 -1.338903901033057682e-02 -3.843737670753756552e-02 -5.799846145727233226e-02 -6.890876472590029556e-02 -7.287791024023150543e-02 -7.063616750995194149e-02 -6.734099344814167831e-02 -6.248073772670027087e-02 -5.915311569725769519e-02 -5.451398919804335830e-02 -5.215884148450895819e-02 -4.865877417845886066e-02 -4.972131591037823317e-02 -5.272017172990898365e-02 -5.857747119322154888e-02 -6.667889831389665900e-02 -7.146245567048038760e-02 -7.640954806601486793e-02 -7.576403630160558067e-02 -6.966044425955278396e-02 -5.736673425779634239e-02 -3.954883211223881451e-02 -1.479166171822489904e-02 1.563705661175415068e-02 5.086576157465591552e-02 8.991409865459620843e-02 1.331963036994651683e-01 1.809526174378559837e-01 2.371704076122986837e-01 3.051384663407308850e-01 3.903219684925298694e-01 4.930257296968903469e-01 6.097075891133508785e-01 7.295042371842995754e-01 8.356480219433156664e-01 9.092449524293090279e-01
9.589628751462382361e-01 1.000000000000000000e+00 9.584858782844375424e-01 8.510173020934679311e-01 6.992582489943972579e-01 5.331368155398553688e-01 3.772897131022445727e-01 2.470349286809926381e-01 1.485099915930938319e-01 7.532222446365180457e-02 2.281960431968558731e-02 -1.870547330019840457e-02 -4.970676044460214937e-02 -7.819457671953899958e-02 -1.003499782162862453e-01 -1.168692536320588976e-01 -1.252047759694606133e-01 -1.223211284811072525e-01 -1.111262642081808083e-01 -9.283744030963815563e-02 -7.501405943609970595e-02 -5.926464615248365486e-02 -4.330877633992473441e-02 -3.389822909364689774e-02 -2.546657576912090062e-02 -1.939980029562684422e-02 -1.824750992732097898e-02 -2.095388391752186705e-02 -2.748670478647590246e-02 -3.874262402909880998e-02 -5.145192700397214353e-02 -6.977879283823197609e-02 -8.771823083165969370e-02 -1.056261852775412374e-01 -1.186130066428646435e-01 -1.252144894639936057e-01 -1.228970622031255733e-01 -1.115843522674082183e-01 -9.287474731677117235e-02 -6.966753479403704763e-02 -4.083652967222940050e-02 -8.948109364652245129e-03 3.035022154630556343e-02 8.263357569617350851e-02 1.540739913632141189e-01 2.529921940215552056e-01 3.826629836632491344e-01 5.381429926428458188e-01 7.033358558540123706e-01 8.531832916574522141e-01 9.110415811435250699e-01 9.357450322945185528e-01 9.076219931885917136e-01 8.332314568446349545e-01 7.282049374693416732e-01 6.104460892806330419e-01 4.962799272200185685e-01 3.946444441883484866e-01 3.097104205150393863e-01 2.411740339603432037e-01 1.848508641574104217e-01 1.349425942303572878e-01 9.170239663671055086e-02 5.174533791392438298e-02 1.673451635059647336e-02 -1.379302237772317766e-02 -3.938716309965128309e-02 -5.688878663222738524e-02 -6.678164617601473063e-02 -6.904819725987103307e-02 -6.908811663970634842e-02 -6.576059512924273265e-02 -6.313208592992397561e-02 -5.858853574620929983e-02 -5.561164042226042492e-02 -5.114255370851825827e-02 -5.053753545987474394e-02 -5.236489856982343843e-02 -5.659135378741789874e-02 -6.394045964842430541e-02 -6.876496247459529254e-02 -7.575720209541848826e-02 -7.809094427575107022e-02 -7.685302768572116472e-02 -6.984318825802939001e-02 -5.706943468591784557e-02 -3.781442273058367720e-02 -1.265083159399330894e-02 1.816092951550299026e-02 5.354835217137661474e-02 9.320135289277692303e-02 1.363834632763315236e-01 1.854348616975572683e-01 2.421320971139354350e-01 3.118120685609042653e-01 3.977270451689641217e-01 5.003432596391216292e-01 6.161291241445472355e-01 7.345042935132929385e-01 8.392164559057088136e-01
8.524195991575926890e-01 9.584858782844375424e-01 1.000000000000000222e+00 9.582675685002812749e-01 8.504105993819955911e-01 6.978944039821146639e-01 5.295979071361854862e-01 3.714448950387712611e-01 2.402388037107277829e-01 1.386519323964635619e-01 6.555886869569821362e-02 1.086454834193720763e-02 -2.789269527737839316e-02 -6.091470448681230582e-02 -8.722499995506263759e-02 -1.088309564574245492e-01 -1.233449594285814244e-01 -1.266967390343019806e-01 -1.209546680651774897e-01 -1.063048981368378276e-01 -9.018987476035422723e-02 -7.395314829945677515e-02 -5.637522023316693387e-02 -4.403805294134263693e-02 -3.322331670556970262e-02 -2.446477163625881274e-02 -2.049658299515109625e-02 -1.996704450556738286e-02 -2.243998069973451512e-02 -2.983600320252525334e-02 -3.919350769017043018e-02 -5.595401012206343422e-02 -7.443436487810377311e-02 -9.435744136733806298e-02 -1.112688941385768376e-01 -1.226069418217503454e-01 -1.252576518024336172e-01 -1.196905545524224457e-01 -1.063052035279612451e-01 -8.719817215709307900e-02 -6.151028688263733557e-02 -3.401935638248575200e-02 -1.047189209685424425e-03 3.958709451849187072e-02 9.132382946127966250e-02 1.630487672355626361e-01 2.606889080228372291e-01 3.883060403536660043e-01 5.407599075679543343e-01 7.035474466573049535e-01 8.418483685868991540e-01 9.126348326191715543e-01 9.363294033753378764e-01 9.077453502628105575e-01 8.334793270492717454e-01 7.278157748695799345e-01 6.095381922835741983e-01 4.938831660459291339e-01 3.918185816196281812e-01 3.071305122586769909e-01 2.390083481345290639e-01 1.812002409749959297e-01 1.324815316254200070e-01 8.813743925921795064e-02 4.883804101599530795e-02 1.326287983267912356e-02 -1.794996059669501723e-02 -4.245316875685282987e-02 -5.888463272494060680e-02 -6.663347302992347898e-02 -7.097311905267734977e-02 -7.008854789167098809e-02 -6.866161395998804373e-02 -6.447378783844703865e-02 -6.054896185796314334e-02 -5.498243105758041094e-02 -5.256668032838952148e-02 -5.291246121582548340e-02 -5.496146033750124588e-02 -6.060103595124852888e-02 -6.420164100226502524e-02 -7.192495516251388998e-02 -7.633245446720865468e-02 -7.933369908566571815e-02 -7.721905801456072083e-02 -6.947373173207800623e-02 -5.581491452575334383e-02 -3.647923409265020622e-02 -1.052071716338305075e-02 2.081109882506259473e-02 5.689700648941926203e-02 9.681541631301800177e-02 1.414727938400987817e-01 1.909436306747698542e-01 2.491249309536255341e-01 3.199821211178356939e-01 4.053996714775256471e-01 5.070710231636531562e-01 6.215743367394632735e-01 7.388890716743513609e-01
7.012945918897918185e-01 8.510173020934679311e-01 9.582675685002812749e-01 9.999999999999998890e-01 9.580553267212252866e-01 8.494151715453412965e-01 6.947914160245843851e-01 5.240798677051892174e-01 3.639402467381362416e-01 2.290326509841772162e-01 1.261154105047270768e-01 4.960990781502076091e-02 -3.050766979768705298e-03 -4.313336792095488065e-02 -7.396929697060265763e-02 -9.949027021751698230e-02 -1.189533231482297060e-01 -1.277563109218402271e-01 -1.278866694651052405e-01 -1.184851239882700746e-01 -1.053923199961536855e-01 -8.993978817938298731e-02 -7.157768074276879555e-02 -5.596291062897913726e-02 -4.220474558530425135e-02 -3.035000225171371330e-02 -2.318633338778864489e-02 -1.943779303676625506e-02 -1.843264850702113974e-02 -2.272333680082471927e-02 -2.990032749902363576e-02 -4.533108872568773068e-02 -6.395335869556532937e-02 -8.439717217601516719e-02 -1.033410399629827725e-01 -1.176018706094149879e-01 -1.242908152426320662e-01 -1.241890501779842060e-01 -1.165494856155045444e-01 -1.024743419861130767e-01 -8.101969837323935719e-02 -5.773039763104494820e-02 -2.874657826190768831e-02 5.327410515616191541e-03 4.501084126037464134e-02 9.740439824142120562e-02 1.677227901101278340e-01 2.636529065643283820e-01 3.885406823679227739e-01 5.390060147465192131e-01 7.406009189329770814e-01 8.429157754939150538e-01 9.132901399731664371e-01 9.367087027288254486e-01 9.081527254873617006e-01 8.331543461738969425e-01 7.269594468669843268e-01 6.071909803191917199e-01 4.911163611677129559e-01 3.883331257062806463e-01 3.039090357125261432e-01 2.336860150309705009e-01 1.763547335359355039e-01 1.262794550333369847e-01 8.261769028368375067e-02 4.267154292450868469e-02 6.757542142715492264e-03 -2.431166399269036119e-02 -4.738839247105555014e-02 -6.148443624886635456e-02 -7.124948567732036775e-02 -7.375133305798481365e-02 -7.438721188222553737e-02 -7.068898081978540471e-02 -6.581873223483830637e-02 -5.939215217916127970e-02 -5.521341594955309073e-02 -5.399247151811556455e-02 -5.410818299042130519e-02 -5.811677852077427181e-02 -6.100030191543354824e-02 -6.909963783952424721e-02 -7.492761808605684359e-02 -8.109340902016179409e-02 -8.284432729851709531e-02 -7.946455806558586077e-02 -7.098511690192725598e-02 -5.728503580940726841e-02 -3.649137504806957560e-02 -9.887787590769239396e-03 2.208093123792314108e-02 5.858220349532314991e-02 9.991512644056210757e-02 1.446871882134808107e-01 1.953383173369201420e-01 2.549502062106204781e-01 3.250051274622269282e-01 4.096611768617977600e-01 5.104284598313706400e-01 6.245083524121169960e-01
5.362985284318855239e-01 6.992582489943972579e-01 8.504105993819955911e-01 9.580553267212252866e-01 1.000000000000000222e+00 9.576573507344388059e-01 8.476886222647022073e-01 6.909268640991468313e-01 5.174914590137333903e-01 3.527826091311008216e-01 2.146298885357941777e-01 1.066215893879975535e-01 3.047512932416862261e-02 -2.358516521083179468e-02 -6.259038933672506078e-02 -9.270468775481337242e-02 -1.158505252136670521e-01 -1.284667782736749753e-01 -1.327002093074089450e-01 -1.279851940038957414e-01 -1.182889916713215916e-01 -1.048332923858905780e-01 -8.755258641311085277e-02 -7.054954557556622485e-02 -5.434886948255047284e-02 -3.970657098688847031e-02 -2.871356515150316410e-02 -2.064032971265995081e-02 -1.534044817311888340e-02 -1.571856099865409639e-02 -2.012733279275327400e-02 -3.343054370756049637e-02 -5.178900280765781627e-02 -7.207149430000961421e-02 -9.269823797209221505e-02 -1.091279983073555893e-01 -1.194353244137494330e-01 -1.245582887400107502e-01 -1.229939497001435456e-01 -1.146390284512866509e-01 -9.876936415168981187e-02 -7.985623929963535372e-02 -5.425132396058315182e-02 -2.397541476188174217e-02 9.255664650177831965e-03 5.016862518818993727e-02 1.012314809820427791e-01 1.701011043888914220e-01 2.635867750197304904e-01 3.864523009916601137e-01 6.265072548950983977e-01 7.417102376364412830e-01 8.440869535354637021e-01 9.141797087534727639e-01 9.375132426413357312e-01 9.085728348468042892e-01 8.330552714136056913e-01 7.255066121649322852e-01 6.051735028504247049e-01 4.873414637379938630e-01 3.842019881107311963e-01 2.968222959648961212e-01 2.259646586510850319e-01 1.665855270605527960e-01 1.165294650759442080e-01 7.196792659575021456e-02 3.189519640015551355e-02 -4.690273250151298125e-03 -3.333767191589592782e-02 -5.343750496337934530e-02 -6.880993354884551438e-02 -7.586205249442244669e-02 -7.977397425486559834e-02 -7.787970871155518171e-02 -7.276653067473692893e-02 -6.573883472974045850e-02 -5.936423320872631637e-02 -5.568991319849576904e-02 -5.307527613104389558e-02 -5.439446040636939511e-02 -5.562479240217709647e-02 -6.319231683620470108e-02 -7.019366047978599366e-02 -7.884501722349800124e-02 -8.409132680446572417e-02 -8.505879348353635738e-02 -8.150929013589645888e-02 -7.355730281320319031e-02 -5.804251707621962270e-02 -3.674241882478909704e-02 -9.677463588325290259e-03 2.287110740112532209e-02 6.105540504111273831e-02 1.024858856383550065e-01 1.484944835575825184e-01 2.007548255477784871e-01 2.595072550349449281e-01 3.289115978589955414e-01 4.129079729994204473e-01 5.135721872091085771e-01
3.824659447068698426e-01 5.331368155398553688e-01 6.978944039821146639e-01 8.494151715453412965e-01 9.576573507344388059e-01 1.000000000000000000e+00 9.570909962214028122e-01 8.455551995419561262e-01 6.857764384802507163e-01 5.069418021297578125e-01 3.367464122974140328e-01 1.914948551902284912e-01 8.220009357979764231e-02 4.351939380215903881e-03 -4.900681808983872734e-02 -8.635861976769955428e-02 -1.130287906980582818e-01 -1.277725876937453320e-01 -1.345993636149012129e-01 -1.338162798517849306e-01 -1.281976871154111575e-01 -1.179044418522075255e-01 -1.029616278519133038e-01 -8.533327274416020736e-02 -6.692968642413378577e-02 -4.945035038122019139e-02 -3.477427393825014562e-02 -2.257764870810486171e-02 -1.340890942284403246e-02 -1.077158815226801104e-02 -1.371025171334363385e-02 -2.536621919688013607e-02 -4.287792203305423877e-02 -6.167556156886905977e-02 -8.210120487229366493e-02 -9.886872175508897020e-02 -1.118079731340818617e-01 -1.212042848744283585e-01 -1.256878528543541595e-01 -1.235668971326022991e-01 -1.144514916568627610e-01 -1.008448095894941415e-01 -7.958378487132694579e-02 -5.262520527437999918e-02 -2.339244938594050791e-02 1.124684074936027449e-02 5.096556921406660001e-02 1.009147969240903886e-01 1.679586350608943401e-01 2.599327629833281805e-01 5.144906128040329651e-01 6.266821028406520666e-01 7.428703085955349339e-01 8.451242880183417183e-01 9.149988706645544312e-01 9.383280517105635488e-01 9.091181589369252691e-01 8.327371714198016361e-01 7.245114043807400206e-01 6.016911359955170457e-01 4.825291758149544141e-01 3.755763961814921337e-01 2.864503065098947809e-01 2.131445142065202247e-01 1.535454428491885570e-01 1.030661046288892796e-01 5.895231597962390102e-02 1.826940219944672011e-02 -1.482906317539095520e-02 -4.055092642965926752e-02 -6.159894525418145583e-02 -7.401268879878671048e-02 -8.217833932730708724e-02 -8.289917691531598076e-02 -7.850495118281319851e-02 -7.139444582186954547e-02 -6.353704603516355243e-02 -5.765624194128274316e-02 -5.281672491529568886e-02 -5.188967799071778769e-02 -5.219301268495669943e-02 -5.945291183152572739e-02 -6.710515017209249533e-02 -7.708657652243168512e-02 -8.457596125705937884e-02 -8.863008410648484658e-02 -8.905524357029860616e-02 -8.631176245333788133e-02 -7.613794182640529207e-02 -6.063504733892054188e-02 -3.912840456922121735e-02 -1.150789383689978032e-02 2.268803842338193433e-02 6.066220072472083141e-02 1.032780653873963256e-01 1.506882528577078995e-01 2.024085215801980919e-01 2.608353707920264553e-01 3.299640330390562482e-01 4.143437303948841466e-01
2.542582426209127888e-01 3.772897131022445727e-01 5.295979071361854862e-01 6.947914160245843851e-01 8.476886222647022073e-01 9.570909962214028122e-01 1.000000000000000222e+00 9.563561766471270209e-01 8.421421290509987223e-01 6.766839052286762746e-01 4.904132995541425899e-01 3.112305681573004912e-01 1.623177557240674251e-01 4.993316742618612858e-02 -2.770983721253322471e-02 -7.910243950649763212e-02 -1.117155124906120400e-01 -1.283780017325729939e-01 -1.355804705932671939e-01 -1.372755760964751715e-01 -1.346749388435478090e-01 -1.281655463853870192e-01 -1.167673476665413712e-01 -1.004873521842039874e-01 -8.105199733189644151e-02 -6.115674850191155781e-02 -4.260825861474506343e-02 -2.655407321362622183e-02 -1.376521592532188934e-02 -8.287464705639705984e-03 -9.532164798479991416e-03 -1.886032022458715776e-02 -3.466426019324958530e-02 -5.095975828836860760e-02 -6.993813560019740416e-02 -8.619444097307217556e-02 -1.008043046637860374e-01 -1.136686212466289231e-01 -1.234671086291132397e-01 -1.273094423831512001e-01 -1.250541800264715619e-01 -1.174394887201180154e-01 -1.017017534749789232e-01 -7.923336399806807373e-02 -5.386342103267505871e-02 -2.331475074434168765e-02 1.021045289041206706e-02 4.878761362460533324e-02 9.724773544678111392e-02 1.627059624384105951e-01 4.134461598450158704e-01 5.124957887291616832e-01 6.263620417916853089e-01 7.424963764351534268e-01 8.445020186891726288e-01 9.151104160369786245e-01 9.387010538842449625e-01 9.092522422600901599e-01 8.321818578323575410e-01 7.212028172739726184e-01 5.960769914159013139e-01 4.724121143830564140e-01 3.625254072486436829e-01 2.700669169171181494e-01 1.957196879159716629e-01 1.358915924781040063e-01 8.602601031347983929e-02 4.183269837237199584e-02 5.580515644813538803e-03 -2.442793063195391676e-02 -5.044519908361889959e-02 -6.843025883601178139e-02 -8.197750730909281192e-02 -8.632697409320409798e-02 -8.403660631968067063e-02 -7.746389888859271655e-02 -6.834098286482838402e-02 -6.019144361755800199e-02 -5.331368261311184020e-02 -5.003961998416125295e-02 -4.960088764967590658e-02 -5.585618097956066702e-02 -6.356429688829573488e-02 -7.389240458780545195e-02 -8.252171737472645263e-02 -8.855366484129707783e-02 -9.200013427938405486e-02 -9.368684508515878751e-02 -8.849512691276974208e-02 -7.867630829960749195e-02 -6.318408246223958247e-02 -4.151199526599344547e-02 -1.254322555757155823e-02 2.095510322469447406e-02 5.969915406150522880e-02 1.031237348982835811e-01 1.503403402721804616e-01 2.015489481984886200e-01 2.598872242693824330e-01 3.295594957167965466e-01
1.556039268373385909e-01 2.470349286809926381e-01 3.714448950387712611e-01 5.240798677051892174e-01 6.909268640991468313e-01 8.455551995419561262e-01 9.563561766471270209e-01 1.000000000000000000e+00 9.550641758308844320e-01 8.361163461149101472e-01 6.626207955535404759e-01 4.661626608173931041e-01 2.810599276510895028e-01 1.274885360697669834e-01 1.483754514092674656e-02 -6.060383091431614105e-02 -1.059926247146791567e-01 -1.272682941549730662e-01 -1.349939347665124745e-01 -1.377642062495587350e-01 -1.376063373038289850e-01 -1.347333911917656668e-01 -1.275681229890588686e-01 -1.140020377568157495e-01 -9.523549340186453216e-02 -7.420336450402068018e-02 -5.310227747382193636e-02 -3.387134948972572723e-02 -1.771747482880399807e-02 -9.272446399363488620e-03 -8.518221866489364066e-03 -1.522262640393354238e-02 -2.888733733722414002e-02 -4.238682601793853505e-02 -5.926860491811408727e-02 -7.414141684493530393e-02 -8.940910397180000524e-02 -1.042531198189093206e-01 -1.177557064088012168e-01 -1.263979340476125701e-01 -1.306158013348079350e-01 -1.289971293990101464e-01 -1.199408504213358706e-01 -1.031357071549267035e-01 -8.226850881183077335e-02 -5.526554235704718432e-02 -2.542924453782554120e-02 7.001437958448426639e-03 4.423466877345311882e-02 9.091409792940471912e-02 3.266008222222198110e-01 4.093456246781541075e-01 5.104608471071562237e-01 6.243368177177868183e-01 7.401813643467162196e-01 8.437310255406162973e-01 9.151362184998936833e-01 9.392703010907998973e-01 9.095467503355292305e-01 8.303751153945437835e-01 7.167437229812212429e-01 5.870400315128738722e-01 4.596194512652404529e-01 3.459582211550047415e-01 2.520499718200893691e-01 1.778955575219402230e-01 1.188018707315386668e-01 6.991850048853295863e-02 3.046907030680656020e-02 -3.098108104402769007e-03 -3.348999511776601379e-02 -5.694646705069909831e-02 -7.645102184868192430e-02 -8.578649363654385074e-02 -8.717515331031532033e-02 -8.276605624199662170e-02 -7.391828864631884433e-02 -6.456183643310078879e-02 -5.626331486111340457e-02 -5.109039990935643205e-02 -4.978102847257404734e-02 -5.488887370014004785e-02 -6.197032745691071626e-02 -7.201657213644180322e-02 -8.065642398605585295e-02 -8.774753049780019409e-02 -9.308413912208267360e-02 -9.799620673455031183e-02 -9.712921131778630424e-02 -9.244153297068509467e-02 -8.286658606746953593e-02 -6.749609071471006361e-02 -4.450628991533889245e-02 -1.629767317885682382e-02 1.805758254278799074e-02 5.738114244740277065e-02 1.012021834238995138e-01 1.478091843785764303e-01 1.990090702786906640e-01 2.576215798815439384e-01
8.475137113522109023e-02 1.485099915930938319e-01 2.402388037107277829e-01 3.639402467381362416e-01 5.174914590137333903e-01 6.857764384802507163e-01 8.421421290509987223e-01 9.550641758308844320e-01 1.000000000000000222e+00 9.528163470441953775e-01 8.273485978482617575e-01 6.441197059495492594e-01 4.400956828494592687e-01 2.479984858182999186e-01 9.213007064750565467e-02 -2.064821332068373164e-02 -9.094109931967361837e-02 -1.254720281271429205e-01 -1.375993244608364474e-01 -1.415206525280414962e-01 -1.420056822675439534e-01 -1.405298676646905276e-01 -1.358515384472523957e-01 -1.244590787220838934e-01 -1.070390466993015738e-01 -8.602223284575533091e-02 -6.418309888124695828e-02 -4.376187645873075988e-02 -2.580477918408609697e-02 -1.506404298258532531e-02 -1.217677434878968595e-02 -1.572027922527378246e-02 -2.624525220400845613e-02 -3.647706624365421729e-02 -5.002269650840593385e-02 -6.273269034347236928e-02 -7.715907581720363173e-02 -9.255921367158129187e-02 -1.084256576529168264e-01 -1.207060213346368427e-01 -1.300731310451326284e-01 -1.337463202451344146e-01 -1.310200137022932976e-01 -1.204554299643080945e-01 -1.051673000393491542e-01 -8.269561564696013833e-02 -5.648796971609446049e-02 -2.788259023839870232e-02 3.421475848135019024e-03 3.897864246570810487e-02 2.544960077849108271e-01 3.220670547863307975e-01 4.062850858091386352e-01 5.069909575973405857e-01 6.199477626262295260e-01 7.376279265218858017e-01 8.422462655465362547e-01 9.152308263176649472e-01 9.401254427761426280e-01 9.098808811191584356e-01 8.288155002919012082e-01 7.114016373379590252e-01 5.775287124674362005e-01 4.454714910329442001e-01 3.285648657811511830e-01 2.335564477719133114e-01 1.586291477824690599e-01 1.005352216699506168e-01 5.561584806142245985e-02 1.862092061642568394e-02 -1.516860859538688051e-02 -4.287097297986437738e-02 -6.730831709044392264e-02 -8.110757430643666943e-02 -8.695371810141275248e-02 -8.589298250590582384e-02 -7.885217465810044624e-02 -6.985570133407426052e-02 -6.161845905598970635e-02 -5.579091221989962435e-02 -5.367477885630653894e-02 -5.694652744158595903e-02 -6.271391443508610164e-02 -7.134199133882518362e-02 -7.882422735011793136e-02 -8.558135417605663986e-02 -9.149543759429616674e-02 -9.833864654474802625e-02 -1.007978699842642517e-01 -1.004574964601076675e-01 -9.604231493833587097e-02 -8.667755095653197073e-02 -6.978948913856017344e-02 -4.740329255114882762e-02 -1.843122478129259612e-02 1.613814948921350051e-02 5.607927103670883040e-02 9.896273912838314535e-02 1.456586536019112699e-01 1.969279726525448859e-01
3.139252226350033870e-02 7.532222446365180457e-02 1.386519323964635619e-01 2.290326509841772162e-01 3.527826091311008216e-01 5.069418021297578125e-01 6.766839052286762746e-01 8.361163461149101472e-01 9.528163470441953775e-01 1.000000000000000000e+00 9.500429106844489047e-01 8.173900723579112793e-01 6.263553978218953100e-01 4.132566970774145254e-01 2.158763624334031905e-01 5.586690207585243845e-02 -5.412474496132672203e-02 -1.149924986986692599e-01 -1.400492191201050118e-01 -1.481855012204585931e-01 -1.482079657915172100e-01 -1.456520968507623581e-01 -1.410361016764939690e-01 -1.310444086347313797e-01 -1.159736871395997959e-01 -9.655049567776119446e-02 -7.528253060532452690e-02 -5.514354488662676079e-02 -3.585753377493620248e-02 -2.303086503285361672e-02 -1.748551635357893999e-02 -1.751343567172175889e-02 -2.466662017114982716e-02 -3.205264794310324489e-02 -4.269729356279369087e-02 -5.336843742812754504e-02 -6.640883884686554772e-02 -8.117865774962659819e-02 -9.786392217955203199e-02 -1.119072530642414298e-01 -1.248686657201366207e-01 -1.327703031514223531e-01 -1.358626996515420182e-01 -1.317827903668304934e-01 -1.226438953378095331e-01 -1.058203299944494441e-01 -8.423817685013676448e-02 -5.950497721739382573e-02 -3.221683281037716201e-02 -2.910793102845401093e-03 1.906598356765499824e-01 2.469115778509322623e-01 3.153162052310217733e-01 3.989366031625216635e-01 4.982669966176421217e-01 6.129064012898043368e-01 7.316110887925123540e-01 8.384646054656452741e-01 9.134633017825556367e-01 9.401954520231344814e-01 9.102129926044433272e-01 8.273926812748482185e-01 7.063488609790967709e-01 5.674507213088686441e-01 4.305995077072466981e-01 3.107971076046598946e-01 2.131556731612801736e-01 1.390729619212221213e-01 8.417937556422833145e-02 4.219091048047938358e-02 5.498608465681323679e-03 -2.482975543722241302e-02 -5.284096890564023152e-02 -7.082770236216824611e-02 -8.155682098395297674e-02 -8.533709379527314176e-02 -8.172313646493652162e-02 -7.468348158924463520e-02 -6.728637659753532174e-02 -6.138494484629993669e-02 -5.861517867918879937e-02 -5.992403189961457988e-02 -6.388627650114517276e-02 -7.112155846370822598e-02 -7.712391320552748619e-02 -8.342442097110415455e-02 -8.941585146102556947e-02 -9.707623625528084832e-02 -1.018389023235059671e-01 -1.046681344740798408e-01 -1.045633295004848723e-01 -1.003099994914668641e-01 -8.940884067677928870e-02 -7.316386306619349078e-02 -5.025345073895157166e-02 -2.152332049784979121e-02 1.353557738749781164e-02 5.210581782820373348e-02 9.481222752425727540e-02 1.409686689091691203e-01
-8.842803919879696495e-03 2.281960431968558731e-02 6.555886869569821362e-02 1.261154105047270768e-01 2.146298885357941777e-01 3.367464122974140328e-01 4.904132995541425899e-01 6.626207955535404759e-01 8.273485978482617575e-01 9.500429106844489047e-01 9.999999999999998890e-01 9.472001379025792867e-01 8.087039444471801897e-01 6.080982183905359051e-01 3.868438175585485750e-01 1.804008062320807404e-01 1.914024984940442681e-02 -8.448598157275699627e-02 -1.372091927646112153e-01 -1.582347186830013741e-01 -1.607932544716854095e-01 -1.559880528794340693e-01 -1.484164348441542047e-01 -1.371163272075951733e-01 -1.228147276550917710e-01 -1.051454563196683040e-01 -8.568344442669587058e-02 -6.702132609263877772e-02 -4.787880511625218494e-02 -3.359772806591100613e-02 -2.503530379905044914e-02 -2.167160785850521729e-02 -2.501569714975029196e-02 -2.956681318582759371e-02 -3.712126253260639858e-02 -4.527453779321181926e-02 -5.611341628932037251e-02 -6.945517941502682424e-02 -8.558503750905339935e-02 -1.001997099898715576e-01 -1.150441780816609388e-01 -1.258442012798742793e-01 -1.332970868191009073e-01 -1.349377749896230605e-01 -1.315622217182403075e-01 -1.208371523087263394e-01 -1.050841540690213016e-01 -8.523172672096814007e-02 -6.187824731361161318e-02 -3.672208705904307646e-02 1.341335166352224106e-01 1.825503701759324526e-01 2.384204778819595250e-01 3.056054648308841881e-01 3.866753457313025777e-01 4.863180910855467998e-01 6.008448712781430112e-01 7.214585275490811300e-01 8.310854908687101972e-01 9.100994264532535905e-01 9.398204751897661913e-01 9.109368900435121930e-01 8.262327035094585437e-01 7.008064899745215515e-01 5.559395460371850950e-01 4.136155623681914695e-01 2.884876378228580229e-01 1.901093179609162354e-01 1.176537619836768300e-01 6.551638086861494292e-02 2.414097042682000760e-02 -8.544816095475424658e-03 -3.809040559464565989e-02 -5.862992905300221796e-02 -7.357124970196843305e-02 -8.227140039965710749e-02 -8.229809962191432515e-02 -7.857965192641447327e-02 -7.285363109440251561e-02 -6.771111200677847053e-02 -6.437061029425683589e-02 -6.353669603581453551e-02 -6.561199336678472105e-02 -7.116167515756020856e-02 -7.516408819854093759e-02 -8.061583452170541231e-02 -8.581689606244441437e-02 -9.330602360484861746e-02 -9.941237997250690350e-02 -1.044382199456304339e-01 -1.073928326916255144e-01 -1.072168976987124545e-01 -1.015719292106793681e-01 -9.113690741076722890e-02 -7.449205422852533953e-02 -5.208084033467158536e-02 -2.313317384627798859e-02 1.007258498049901953e-02 4.821796376751660840e-02 8.995522663771414462e-02
-4.324211302404148277e-02 -1.870547330019840457e-02 1.086454834193720763e-02 4.960990781502076091e-02 1.066215893879975535e-01 1.914948551902284912e-01 3.112305681573004912e-01 4.661626608173931041e-01 6.441197059495492594e-01 8.173900723579112793e-01 9.472001379025792867e-01 9.999999999999997780e-01 9.448551697045995956e-01 7.990312989230378138e-01 5.892853782244346084e-01 3.554548996468774313e-01 1.434086878291756795e-01 -1.594526778547776177e-02 -1.135430726766269299e-01 -1.616900080824369978e-01 -1.744601350869102174e-01 -1.690587789075052305e-01 -1.567779787772569655e-01 -1.413003072526163861e-01 -1.258640737402895726e-01 -1.098357776154293142e-01 -9.324229849883049204e-02 -7.846492789316240890e-02 -6.137242489155073782e-02 -4.733127394683015604e-02 -3.673270972111288002e-02 -2.972521823410753661e-02 -2.866085474381847853e-02 -2.936604181414358139e-02 -3.302848117372266662e-02 -3.809310399206736891e-02 -4.607955410727695295e-02 -5.717349975237591420e-02 -7.184502909294764039e-02 -8.587703886103542628e-02 -1.015084322886235235e-01 -1.138596119882744617e-01 -1.242895756552830633e-01 -1.307729132053591925e-01 -1.328647894221810510e-01 -1.287234214691236611e-01 -1.198253618471419868e-01 -1.061825702772352942e-01 -8.785383818326686356e-02 -6.677490658518962785e-02 8.044553305867550852e-02 1.229209606190005410e-01 1.695654863737154350e-01 2.233329585344678569e-01 2.866910605145416291e-01 3.666100072690873235e-01 4.649952881322463871e-01 5.808697558706585884e-01 7.045229944139904665e-01 8.197868196705623278e-01 9.041014546559061893e-01 9.381254045219653559e-01 9.102584711949185392e-01 8.235194316493544830e-01 6.925852771994099877e-01 5.407318107164664767e-01 3.910450204219215742e-01 2.631659003934127550e-01 1.647324737000065153e-01 9.504063497983478159e-02 4.470941410020407014e-02 8.808835211138794918e-03 -2.090833923610104644e-02 -4.255426647039880356e-02 -6.014326147896501690e-02 -7.370291156111635766e-02 -7.866887334742182769e-02 -8.029411715634550417e-02 -7.807052837120070921e-02 -7.490278801904171058e-02 -7.162871704066436918e-02 -6.885812549194283982e-02 -6.847285393065799530e-02 -7.159398322341922749e-02 -7.314180755127124012e-02 -7.699258636972310110e-02 -8.096688056051370985e-02 -8.763762326191566754e-02 -9.422889956287723578e-02 -1.005051165541496205e-01 -1.054409851485620109e-01 -1.081036215730473149e-01 -1.068938557504973963e-01 -1.019444547912539689e-01 -9.154999340797824459e-02 -7.598252754569988221e-02 -5.412950007092833665e-02 -2.763864133211303697e-02 4.587649511189739911e-03 4.119647715897121337e-02
-7.005583917387175896e-02 -4.970676044460214937e-02 -2.789269527737839316e-02 -3.050766979768705298e-03 3.047512932416862261e-02 8.220009357979764231e-02 1.623177557240674251e-01 2.810599276510895028e-01 4.400956828494592687e-01 6.263553978218953100e-01 8.087039444471801897e-01 9.448551697045995956e-01 1.000000000000000000e+00 9.413192725895505042e-01 7.874290894015694153e-01 5.633746153432150905e-01 3.192895326633574116e-01 1.034026963903956903e-01 -5.271978944307739723e-02 -1.454620766946924659e-01 -1.828336306832589742e-01 -1.849168660849893064e-01 -1.699490904183429685e-01 -1.488943308101766949e-01 -1.294505156639856880e-01 -1.128065694224067717e-01 -9.804344377621240780e-02 -8.687421007430150277e-02 -7.229618854290706387e-02 -5.967476846313735095e-02 -4.794169969566611234e-02 -3.862464019607440152e-02 -3.409272125520859675e-02 -3.183333816475121536e-02 -3.213571124734811157e-02 -3.396706263202636106e-02 -3.854617981449709463e-02 -4.703031982247310450e-02 -5.911969707272714952e-02 -7.129159802606328811e-02 -8.606368253875806840e-02 -9.886576721369985665e-02 -1.108976238786859303e-01 -1.207939474145705433e-01 -1.272948522609177180e-01 -1.291536740394297056e-01 -1.267228779013978568e-01 -1.194067698934691002e-01 -1.065198972779144854e-01 -8.990392087552889766e-02 3.269699867600657506e-02 7.015854468412051348e-02 1.101561351859840221e-01 1.538525788144606277e-01 2.028186339161238416e-01 2.634893880967654201e-01 3.406253062175761404e-01 4.389435602982465490e-01 5.567868969680784819e-01 6.857033417074306358e-01 8.068024043201628137e-01 8.973667876401395516e-01 9.352538002638827175e-01 9.082502720680809549e-01 8.177060674580213240e-01 6.793135376119281421e-01 5.184016986051979137e-01 3.631782363460603902e-01 2.329544665936353343e-01 1.366641425587238889e-01 6.968998002238208089e-02 2.591653123386290433e-02 -5.162884339797766710e-03 -2.663554902697569046e-02 -4.508739344345376321e-02 -6.183304241398844547e-02 -7.065646896304679514e-02 -7.768381410096579509e-02 -7.966124184006187492e-02 -7.959460535217334487e-02 -7.719582069953094539e-02 -7.385318364659916590e-02 -7.211610125908000934e-02 -7.313968515719566910e-02 -7.258592600612860657e-02 -7.467287569066199948e-02 -7.683275135649370036e-02 -8.174630332973406577e-02 -8.765687406069713750e-02 -9.409488762843773446e-02 -9.983465272140443214e-02 -1.043004563102072207e-01 -1.065178340807957785e-01 -1.063620487256294322e-01 -1.015562801305500695e-01 -9.250007837504471697e-02 -7.767814972242166605e-02 -5.821882264189600503e-02 -3.255005228398384631e-02 -1.741149658347176466e-03
-9.501529625378524191e-02 -7.819457671953899958e-02 -6.091470448681230582e-02 -4.313336792095488065e-02 -2.358516521083179468e-02 4.351939380215903881e-03 4.993316742618612858e-02 1.274885360697669834e-01 2.479984858182999186e-01 4.132566970774145254e-01 6.080982183905359051e-01 7.990312989230378138e-01 9.413192725895505042e-01 9.999999999999997780e-01 9.377838707087770009e-01 7.723325736745982883e-01 5.360926217547149486e-01 2.828990531809342790e-01 6.562424321308835129e-02 -8.811125176416445548e-02 -1.707844752545996936e-01 -1.968419828211503686e-01 -1.880598596805160561e-01 -1.631985479237408054e-01 -1.368353739081869525e-01 -1.159746823316344239e-01 -1.000813442409308335e-01 -9.161747896360959709e-02 -8.024179619616789161e-02 -7.077525561460337733e-02 -5.991405172421727932e-02 -4.941126099122178372e-02 -4.225570426900271404e-02 -3.692086848502723617e-02 -3.376667813024354647e-02 -3.241456249025205516e-02 -3.336540434799392663e-02 -3.913492709453276347e-02 -4.814441461157141500e-02 -5.765249115057453216e-02 -7.014802222965962897e-02 -8.170726606041561757e-02 -9.380751532592938868e-02 -1.056026769155629652e-01 -1.157298493808196632e-01 -1.233155160811631734e-01 -1.272523499616083076e-01 -1.268988234845871144e-01 -1.204696139267081301e-01 -1.099938702083121667e-01 -1.334602985629481167e-02 1.873980279900560458e-02 5.345393801172633463e-02 9.009080552655870933e-02 1.289936258505100242e-01 1.743973849972694223e-01 2.315465347838938925e-01 3.073580970403310131e-01 4.062363272244847168e-01 5.281589271372146843e-01 6.625164309417902464e-01 7.908028402497273568e-01 8.882625202114239338e-01 9.311027855520538354e-01 9.044187608913214493e-01 8.086111549663203002e-01 6.618381867593612355e-01 4.931634898756172558e-01 3.328699279891207397e-01 2.025630599865863302e-01 1.081902589565245099e-01 4.710256679494402576e-02 9.301992397829309672e-03 -1.319540989840071142e-02 -3.084150648692622967e-02 -4.793574305478136288e-02 -5.901806520731577022e-02 -7.066092835692823482e-02 -7.760899583109215349e-02 -8.157393085388417453e-02 -8.174294931542722131e-02 -7.897345156347271300e-02 -7.665648066052278831e-02 -7.557129677439447524e-02 -7.323024223237294128e-02 -7.345679777088209850e-02 -7.371479150698316551e-02 -7.659262403733556324e-02 -8.105166128569586681e-02 -8.676767863762788191e-02 -9.214454874876300272e-02 -9.735094528705470762e-02 -1.017447909431917347e-01 -1.055641087689255242e-01 -1.059693318848910215e-01 -1.033134511387666932e-01 -9.571826359756956115e-02 -8.375536285110009305e-02 -6.577455961033712439e-02 -4.201687174480835812e-02
-1.127876309824158985e-01 -1.003499782162862453e-01 -8.722499995506263759e-02 -7.396929697060265763e-02 -6.259038933672506078e-02 -4.900681808983872734e-02 -2.770983721253322471e-02 1.483754514092674656e-02 9.213007064750565467e-02 2.158763624334031905e-01 3.868438175585485750e-01 5.892853782244346084e-01 7.874290894015694153e-01 9.377838707087770009e-01 1.000000000000000000e+00 9.322844774272136537e-01 7.565506479430109676e-01 5.084117184106163867e-01 2.501914139179994279e-01 3.171901328107965684e-02 -1.148727606491877495e-01 -1.878848079288076012e-01 -2.029168109510647300e-01 -1.834986879798134185e-01 -1.514613128644156648e-01 -1.232295890022761936e-01 -1.019074555083210459e-01 -9.311032873878904992e-02 -8.433084813566520122e-02 -7.908088828573826834e-02 -7.113746345458911435e-02 -6.110294435288812082e-02 -5.303655894571807083e-02 -4.530952661933354553e-02 -3.880828870024859156e-02 -3.377810351914371095e-02 -3.067845228493156634e-02 -3.314061647167524521e-02 -3.806819174929209487e-02 -4.418142659011268375e-02 -5.347614501367132372e-02 -6.319620490906023569e-02 -7.475429993864847467e-02 -8.723752954864026632e-02 -1.000369871510443931e-01 -1.119090127071241253e-01 -1.208322527897901372e-01 -1.265939602345528547e-01 -1.264239977776388524e-01 -1.221674284053589077e-01 -5.214395231535285530e-02 -2.636909272552542469e-02 2.610921211055643003e-03 3.304482689434466713e-02 6.454320427612067479e-02 9.921320582147415135e-02 1.407693795841400974e-01 1.956965107676966464e-01 2.708472281658888536e-01 3.719593178272069256e-01 4.972979480827981469e-01 6.376516936237077715e-01 7.739071029577767602e-01 8.790294486588653422e-01 9.265656671327161531e-01 8.992714788279164706e-01 7.982868299341822071e-01 6.433923079796181055e-01 4.679130223691677082e-01 3.045197852647406611e-01 1.737701664004274449e-01 8.327096408467873911e-02 2.830146648059522069e-02 -8.807027690461613056e-04 -1.850195324786066409e-02 -3.353547720437465018e-02 -4.453272134543086874e-02 -5.906125896207163606e-02 -7.109659351123528981e-02 -7.948983992727685910e-02 -8.350640681063990767e-02 -8.295618260266528210e-02 -8.132859571094258611e-02 -7.892619118405586054e-02 -7.521759607668157543e-02 -7.351140631382489798e-02 -7.149184108847937702e-02 -7.185739762872826730e-02 -7.398373832402593830e-02 -7.808212460134213162e-02 -8.239855037733824494e-02 -8.756888522598836599e-02 -9.310577796756477897e-02 -9.980465968928232956e-02 -1.041886054302268438e-01 -1.068609117915362977e-01 -1.056257594017756679e-01 -1.006712248655225461e-01 -9.035809934601618520e-02 -7.418551098643602626e-02
