9.999999999999998890e-01 9.476016961560254082e-01 8.745600383568085112e-01 7.721914684182984434e-01 6.556544764362831623e-01 5.377995876721524127e-01 4.268576900116738404e-01 3.276144665107154630e-01 2.420925653389129351e-01 1.702946966124169181e-01 1.112410230771027214e-01 6.348491807106948492e-02 2.544216182836049958e-02 -4.446734976386108179e-03 -2.762782958284713819e-02 -4.536357860217709453e-02 -5.874550950317484338e-02 -6.870968515050825121e-02 -7.599424419054555402e-02 -8.122883230032415525e-02 -8.491473527863802051e-02 -8.744355262771678905e-02 -8.911274356559999166e-02 -9.016715115761181343e-02 -9.073341086859501581e-02 -9.091130371153151313e-02 -9.073341086859544602e-02 -9.016715115761210486e-02 -8.911274356560056065e-02 -8.744355262771766335e-02 -8.491473527863926951e-02 -8.122883230032536261e-02 -7.599424419054748303e-02 -6.870968515051041614e-02 -5.874550950317738301e-02 -4.536357860218066806e-02 -2.762782958285112805e-02 -4.446734976390467539e-03 2.544216182835521908e-02 6.348491807106400320e-02 1.112410230770958103e-01 1.702946966124103678e-01 2.420925653389056353e-01 3.276144665107088016e-01 4.268576900116683448e-01 5.377995876721474167e-01 6.556544764362775002e-01 7.721914684182942246e-01 8.745600383568040703e-01 9.476016961560230767e-01 0.000000000000000000e+00 0.000000000000000000e+00 0.000000000000000000e+00 0.000000000000000000e+00 0.000000000000000000e+00 0.000000000000000000e+00 0.000000000000000000e+00 0.000000000000000000e+00 0.000000000000000000e+00 0.000000000000000000e+00 0.000000000000000000e+00 0.000000000000000000e+00 0.000000000000000000e+00 0.000000000000000000e+00 0.000000000000000000e+00 0.000000000000000000e+00 0.000000000000000000e+00 0.000000000000000000e+00 0.000000000000000000e+00 0.000000000000000000e+00 0.000000000000000000e+00 0.000000000000000000e+00 0.000000000000000000e+00 0.000000000000000000e+00 0.000000000000000000e+00 0.000000000000000000e+00 0.000000000000000000e+00 0.000000000000000000e+00 0.000000000000000000e+00 0.000000000000000000e+00 0.000000000000000000e+00 0.000000000000000000e+00 0.000000000000000000e+00 0.000000000000000000e+00 0.000000000000000000e+00 0.000000000000000000e+00 0.000000000000000000e+00 0.000000000000000000e+00 0.000000000000000000e+00 0.000000000000000000e+00 0.000000000000000000e+00 0.000000000000000000e+00 0.000000000000000000e+00 0.000000000000000000e+00 0.000000000000000000e+00 0.000000000000000000e+00 0.000000000000000000e+00 0.000000000000000000e+00 0.000000000000000000e+00 0.000000000000000000e+00
9.476016961560254082e-01 9.999999999999998890e-01 9.475598704026896302e-01 8.747689323599818767e-01 7.722585386506919392e-01 6.559153561334363225e-01 5.379767800097015051e-01 4.269717620995019947e-01 3.277851987355016039e-01 2.422425270150556087e-01 1.703966949202982695e-01 1.112917886915778393e-01 6.350508942248053734e-02 2.545073104599358121e-02 -4.448599391958811891e-03 -2.763328431292952705e-02 -4.537055733868551599e-02 -5.876703475898275436e-02 -6.872354830216965971e-02 -7.600777368698109770e-02 -8.124298011664012054e-02 -8.492657007169394923e-02 -8.744746229836378171e-02 -8.912973740626947694e-02 -9.017090550965820017e-02 -9.073442595414896172e-02 -9.091282916509123291e-02 -9.073218279345865445e-02 -9.015251663632260770e-02 -8.911133225223261123e-02 -8.743395915318334655e-02 -8.490256369922880020e-02 -8.121701287831341320e-02 -7.598156184460079510e-02 -6.868712073750343761e-02 -5.873894583006130515e-02 -4.535676986647349529e-02 -2.761804258852248659e-02 -4.445394055702947544e-03 2.543565627849687580e-02 6.345987011760545471e-02 1.111809155429860918e-01 1.701978285099252364e-01 2.419755112369220973e-01 3.275344871390161172e-01 4.267168715903970067e-01 5.375693473051558202e-01 6.555766229787753918e-01 7.719526943307738476e-01 8.745845232943553205e-01 0.000000000000000000e+00 0.000000000000000000e+00 0.000000000000000000e+00 0.000000000000000000e+00 0.000000000000000000e+00 0.000000000000000000e+00 0.000000000000000000e+00 0.000000000000000000e+00 0.000000000000000000e+00 0.000000000000000000e+00 0.000000000000000000e+00 0.000000000000000000e+00 0.000000000000000000e+00 0.000000000000000000e+00 0.000000000000000000e+00 0.000000000000000000e+00 0.000000000000000000e+00 0.000000000000000000e+00 0.000000000000000000e+00 0.000000000000000000e+00 0.000000000000000000e+00 0.000000000000000000e+00 0.000000000000000000e+00 0.000000000000000000e+00 0.000000000000000000e+00 0.000000000000000000e+00 0.000000000000000000e+00 0.000000000000000000e+00 0.000000000000000000e+00 0.000000000000000000e+00 0.000000000000000000e+00 0.000000000000000000e+00 0.000000000000000000e+00 0.000000000000000000e+00 0.000000000000000000e+00 0.000000000000000000e+00 0.000000000000000000e+00 0.000000000000000000e+00 0.000000000000000000e+00 0.000000000000000000e+00 0.000000000000000000e+00 0.000000000000000000e+00 0.000000000000000000e+00 0.000000000000000000e+00 0.000000000000000000e+00 0.000000000000000000e+00 0.000000000000000000e+00 0.000000000000000000e+00 0.000000000000000000e+00 0.000000000000000000e+00
8.745600383568085112e-01 9.475598704026896302e-01 1.000000000000000222e+00 9.476840565078079592e-01 8.747763339168045382e-01 7.724935321298751489e-01 6.560929823555636808e-01 5.381054187918049569e-01 4.271906584900707626e-01 3.279921946774998487e-01 2.423941340602659977e-01 1.704804210845514423e-01 1.113312551156361851e-01 6.352871062623098586e-02 2.546162671899762989e-02 -4.449625384977467027e-03 -2.763799297014520040e-02 -4.538766092584808204e-02 -5.877925437001775555e-02 -6.873597098313766196e-02 -7.602102595395836271e-02 -8.125417063955392427e-02 -8.493012146886577685e-02 -8.746381352648162355e-02 -8.913306973819816459e-02 -9.017150226048906148e-02 -9.073552096724354921e-02 -9.091116952903209592e-02 -9.071703496914834686e-02 -9.015069924055246764e-02 -8.910121182511360205e-02 -8.742115369526635982e-02 -8.489003983032933354e-02 -8.120342508124882286e-02 -7.595673525304072471e-02 -6.867976631259642417e-02 -5.873061435389317908e-02 -4.534127945784627994e-02 -2.761056761610729965e-02 -4.444248451962118374e-03 2.542622083890876822e-02 6.342698466301087412e-02 1.111197449213386090e-01 1.701175586611761437e-01 2.419172879888185634e-01 3.274227124213324180e-01 4.265208575590939688e-01 5.374872717464821426e-01 6.553331504236913352e-01 7.719526943307721822e-01 0.000000000000000000e+00 0.000000000000000000e+00 0.000000000000000000e+00 0.000000000000000000e+00 0.000000000000000000e+00 0.000000000000000000e+00 0.000000000000000000e+00 0.000000000000000000e+00 0.000000000000000000e+00 0.000000000000000000e+00 0.000000000000000000e+00 0.000000000000000000e+00 0.000000000000000000e+00 0.000000000000000000e+00 0.000000000000000000e+00 0.000000000000000000e+00 0.000000000000000000e+00 0.000000000000000000e+00 0.000000000000000000e+00 0.000000000000000000e+00 0.000000000000000000e+00 0.000000000000000000e+00 0.000000000000000000e+00 0.000000000000000000e+00 0.000000000000000000e+00 0.000000000000000000e+00 0.000000000000000000e+00 0.000000000000000000e+00 0.000000000000000000e+00 0.000000000000000000e+00 0.000000000000000000e+00 0.000000000000000000e+00 0.000000000000000000e+00 0.000000000000000000e+00 0.000000000000000000e+00 0.000000000000000000e+00 0.000000000000000000e+00 0.000000000000000000e+00 0.000000000000000000e+00 0.000000000000000000e+00 0.000000000000000000e+00 0.000000000000000000e+00 0.000000000000000000e+00 0.000000000000000000e+00 0.000000000000000000e+00 0.000000000000000000e+00 0.000000000000000000e+00 0.000000000000000000e+00 0.000000000000000000e+00 0.000000000000000000e+00
7.721914684182984434e-01 8.747689323599818767e-01 9.476840565078079592e-01 9.999999999999998890e-01 9.478519700586917063e-01 8.752049070264950048e-01 7.729080107477717121e-01 6.564676275612753020e-01 5.385835701054821900e-01 4.276391574171507504e-01 3.283452316909517554e-01 2.426274005798014222e-01 1.706227607078824038e-01 1.114262563482462942e-01 6.358630363077501235e-02 2.547908403000790842e-02 -4.452485219844550500e-03 -2.766105365228034574e-02 -4.541758725121727847e-02 -5.881613888000662704e-02 -6.877841947070011119e-02 -7.606499198711401399e-02 -8.129321470260035543e-02 -8.498316069848273202e-02 -8.750526879314289574e-02 -8.917252292217457688e-02 -9.021187842210404151e-02 -9.077338247417474082e-02 -9.093557148421313463e-02 -9.075472402754077017e-02 -9.017974785424202888e-02 -8.912702795350993523e-02 -8.744645040577987694e-02 -8.491300633883772098e-02 -8.121254470675885739e-02 -7.598211265589628616e-02 -6.870048750680769756e-02 -5.873676646825707476e-02 -4.534941841938692347e-02 -2.761635771534772660e-02 -4.444528832441257092e-03 2.542465224002612642e-02 6.342089186003510570e-02 1.111173532987266566e-01 1.701521836817473099e-01 2.419393386424634751e-01 3.274081311681589224e-01 4.266281606959230199e-01 5.374872717464811434e-01 6.555766229787732824e-01 0.000000000000000000e+00 0.000000000000000000e+00 0.000000000000000000e+00 0.000000000000000000e+00 0.000000000000000000e+00 0.000000000000000000e+00 0.000000000000000000e+00 0.000000000000000000e+00 0.000000000000000000e+00 0.000000000000000000e+00 0.000000000000000000e+00 0.000000000000000000e+00 0.000000000000000000e+00 0.000000000000000000e+00 0.000000000000000000e+00 0.000000000000000000e+00 0.000000000000000000e+00 0.000000000000000000e+00 0.000000000000000000e+00 0.000000000000000000e+00 0.000000000000000000e+00 0.000000000000000000e+00 0.000000000000000000e+00 0.000000000000000000e+00 0.000000000000000000e+00 0.000000000000000000e+00 0.000000000000000000e+00 0.000000000000000000e+00 0.000000000000000000e+00 0.000000000000000000e+00 0.000000000000000000e+00 0.000000000000000000e+00 0.000000000000000000e+00 0.000000000000000000e+00 0.000000000000000000e+00 0.000000000000000000e+00 0.000000000000000000e+00 0.000000000000000000e+00 0.000000000000000000e+00 0.000000000000000000e+00 0.000000000000000000e+00 0.000000000000000000e+00 0.000000000000000000e+00 0.000000000000000000e+00 0.000000000000000000e+00 0.000000000000000000e+00 0.000000000000000000e+00 0.000000000000000000e+00 0.000000000000000000e+00 0.000000000000000000e+00
6.556544764362831623e-01 7.722585386506919392e-01 8.747763339168045382e-01 9.478519700586917063e-01 1.000000000000000222e+00 9.480003529692825337e-01 8.753702173247018825e-01 7.730914619970431501e-01 6.568404515656861564e-01 5.389943489236648233e-01 4.279908895749297004e-01 3.285862555664378903e-01 2.427779713706375297e-01 1.707323558540922714e-01 1.115034023703318361e-01 6.361593445037133643e-02 2.548930220731355015e-02 -4.455162183655615379e-03 -2.767247644337599705e-02 -4.543458617218371076e-02 -5.883725540916228541e-02 -6.880014037646239866e-02 -7.608134965450993881e-02 -8.132222984895784434e-02 -8.500057614538562845e-02 -8.752037229009856922e-02 -8.918831756225646668e-02 -9.022507389585081305e-02 -9.077312861133346455e-02 -9.094869706051700309e-02 -9.075937705232892116e-02 -9.018147388340722048e-02 -8.912875164194136723e-02 -8.744656695717926975e-02 -8.489977129753398244e-02 -8.121803092944730740e-02 -7.598492860942002158e-02 -6.868965585708416977e-02 -5.873206165104854354e-02 -4.534731136634076454e-02 -2.761145858037442058e-02 -4.443054594079145353e-03 2.541583114596505932e-02 6.340355356069055093e-02 1.111119115179322742e-01 1.701243573411580223e-01 2.418662567115181794e-01 3.274081311681576456e-01 4.265208575590920814e-01 5.375693473051528226e-01 0.000000000000000000e+00 0.000000000000000000e+00 0.000000000000000000e+00 0.000000000000000000e+00 0.000000000000000000e+00 0.000000000000000000e+00 0.000000000000000000e+00 0.000000000000000000e+00 0.000000000000000000e+00 0.000000000000000000e+00 0.000000000000000000e+00 0.000000000000000000e+00 0.000000000000000000e+00 0.000000000000000000e+00 0.000000000000000000e+00 0.000000000000000000e+00 0.000000000000000000e+00 0.000000000000000000e+00 0.000000000000000000e+00 0.000000000000000000e+00 0.000000000000000000e+00 0.000000000000000000e+00 0.000000000000000000e+00 0.000000000000000000e+00 0.000000000000000000e+00 0.000000000000000000e+00 0.000000000000000000e+00 0.000000000000000000e+00 0.000000000000000000e+00 0.000000000000000000e+00 0.000000000000000000e+00 0.000000000000000000e+00 0.000000000000000000e+00 0.000000000000000000e+00 0.000000000000000000e+00 0.000000000000000000e+00 0.000000000000000000e+00 0.000000000000000000e+00 0.000000000000000000e+00 0.000000000000000000e+00 0.000000000000000000e+00 0.000000000000000000e+00 0.000000000000000000e+00 0.000000000000000000e+00 0.000000000000000000e+00 0.000000000000000000e+00 0.000000000000000000e+00 0.000000000000000000e+00 0.000000000000000000e+00 0.000000000000000000e+00
5.377995876721524127e-01 6.559153561334363225e-01 7.724935321298751489e-01 8.752049070264950048e-01 9.480003529692825337e-01 1.000000000000000000e+00 9.482198766294249737e-01 8.756547759976940348e-01 7.736281853712634327e-01 6.574675571798139773e-01 5.395753936378014926e-01 4.284361854926581614e-01 3.289014961133538417e-01 2.430198584743382684e-01 1.709116245079860263e-01 1.115949725457860836e-01 6.366359842482245679e-02 2.551301684078544074e-02 -4.458479615429643446e-03 -2.769170119296518462e-02 -4.546515148946318752e-02 -5.887398812868584186e-02 -6.883588835441600828e-02 -7.613145955521234687e-02 -8.136325699221928776e-02 -8.504058665982557053e-02 -8.756188137665149585e-02 -8.922780972816128642e-02 -9.025152956079150746e-02 -9.081310506853097764e-02 -9.098028158887604133e-02 -9.078799446266198891e-02 -9.020995927718010454e-02 -8.915534446327572082e-02 -8.745895718167656652e-02 -8.493087314028488488e-02 -8.124540306122945976e-02 -7.599583604547080484e-02 -6.870497086478102866e-02 -5.874725116606056841e-02 -4.535320426715963582e-02 -2.761112754870312380e-02 -4.442828425416532091e-03 2.541673972256478647e-02 6.341998251554729904e-02 1.111277163555866171e-01 1.701243573411558296e-01 2.419393386424600889e-01 3.274227124213280327e-01 4.267168715903928988e-01 0.000000000000000000e+00 0.000000000000000000e+00 0.000000000000000000e+00 0.000000000000000000e+00 0.000000000000000000e+00 0.000000000000000000e+00 0.000000000000000000e+00 0.000000000000000000e+00 0.000000000000000000e+00 0.000000000000000000e+00 0.000000000000000000e+00 0.000000000000000000e+00 0.000000000000000000e+00 0.000000000000000000e+00 0.000000000000000000e+00 0.000000000000000000e+00 0.000000000000000000e+00 0.000000000000000000e+00 0.000000000000000000e+00 0.000000000000000000e+00 0.000000000000000000e+00 0.000000000000000000e+00 0.000000000000000000e+00 0.000000000000000000e+00 0.000000000000000000e+00 0.000000000000000000e+00 0.000000000000000000e+00 0.000000000000000000e+00 0.000000000000000000e+00 0.000000000000000000e+00 0.000000000000000000e+00 0.000000000000000000e+00 0.000000000000000000e+00 0.000000000000000000e+00 0.000000000000000000e+00 0.000000000000000000e+00 0.000000000000000000e+00 0.000000000000000000e+00 0.000000000000000000e+00 0.000000000000000000e+00 0.000000000000000000e+00 0.000000000000000000e+00 0.000000000000000000e+00 0.000000000000000000e+00 0.000000000000000000e+00 0.000000000000000000e+00 0.000000000000000000e+00 0.000000000000000000e+00 0.000000000000000000e+00 0.000000000000000000e+00
4.268576900116738404e-01 5.379767800097015051e-01 6.560929823555636808e-01 7.729080107477717121e-01 8.753702173247018825e-01 9.482198766294249737e-01 9.999999999999998890e-01 9.483000362680438222e-01 8.760054851942348231e-01 7.741603360491208230e-01 6.580368222697634550e-01 5.400527096443421549e-01 4.287982774536417407e-01 3.291991864034795046e-01 2.432551028926644709e-01 1.710382036050922261e-01 1.116688239850199132e-01 6.371656384452288602e-02 2.552909888032453903e-02 -4.461046015034855067e-03 -2.770675763054913227e-02 -4.548734486911227420e-02 -5.889623566437347107e-02 -6.887117795258561326e-02 -7.615851962529118779e-02 -8.138924506316413954e-02 -8.506792219077166650e-02 -8.758718015620689523e-02 -8.924017784171525691e-02 -9.027730649738965885e-02 -9.083057479669370826e-02 -9.099488646959331961e-02 -9.080264963027044611e-02 -9.022298654951999008e-02 -8.915429896779659968e-02 -8.747767205269950386e-02 -8.494664511728522438e-02 -8.124486091713159497e-02 -7.600147897858908208e-02 -6.871263378758299400e-02 -5.874633889278517429e-02 -4.534614599465067869e-02 -2.760600532649244362e-02 -4.442323535647511347e-03 2.541971472580570324e-02 6.341998251554642474e-02 1.111119115179292766e-01 1.701521836817439792e-01 2.419172879888152328e-01 3.275344871390127310e-01 0.000000000000000000e+00 0.000000000000000000e+00 0.000000000000000000e+00 0.000000000000000000e+00 0.000000000000000000e+00 0.000000000000000000e+00 0.000000000000000000e+00 0.000000000000000000e+00 0.000000000000000000e+00 0.000000000000000000e+00 0.000000000000000000e+00 0.000000000000000000e+00 0.000000000000000000e+00 0.000000000000000000e+00 0.000000000000000000e+00 0.000000000000000000e+00 0.000000000000000000e+00 0.000000000000000000e+00 0.000000000000000000e+00 0.000000000000000000e+00 0.000000000000000000e+00 0.000000000000000000e+00 0.000000000000000000e+00 0.000000000000000000e+00 0.000000000000000000e+00 0.000000000000000000e+00 0.000000000000000000e+00 0.000000000000000000e+00 0.000000000000000000e+00 0.000000000000000000e+00 0.000000000000000000e+00 0.000000000000000000e+00 0.000000000000000000e+00 0.000000000000000000e+00 0.000000000000000000e+00 0.000000000000000000e+00 0.000000000000000000e+00 0.000000000000000000e+00 0.000000000000000000e+00 0.000000000000000000e+00 0.000000000000000000e+00 0.000000000000000000e+00 0.000000000000000000e+00 0.000000000000000000e+00 0.000000000000000000e+00 0.000000000000000000e+00 0.000000000000000000e+00 0.000000000000000000e+00 0.000000000000000000e+00 0.000000000000000000e+00
3.276144665107154630e-01 4.269717620995019947e-01 5.381054187918049569e-01 6.564676275612753020e-01 7.730914619970431501e-01 8.756547759976940348e-01 9.483000362680438222e-01 9.999999999999998890e-01 9.484410718378362137e-01 8.763645764050540521e-01 7.746489350843506205e-01 6.585081323753170235e-01 5.404489798780635068e-01 4.291544131193006928e-01 3.295000417575381091e-01 2.434245896895361749e-01 1.711434214246466134e-01 1.117553354912874247e-01 6.375239510825600475e-02 2.554171016203632058e-02 -4.463059062005015828e-03 -2.771749829902195664e-02 -4.549963990545952131e-02 -5.891975503381564200e-02 -6.888756401708738542e-02 -7.617365623763064364e-02 -8.140540454217734534e-02 -8.508191329142170134e-02 -8.758832138702427050e-02 -8.925441939343310704e-02 -9.028326708858275262e-02 -9.083367924583389541e-02 -9.099810038293908165e-02 -9.080434929984756987e-02 -9.021062652572879592e-02 -8.916229398676447926e-02 -8.748311553178311772e-02 -8.493565781475720389e-02 -8.124102289201635962e-02 -7.600081312918148535e-02 -6.870337673877978391e-02 -5.873025796428067713e-02 -4.533243183973351131e-02 -2.759977163306035972e-02 -4.442323535648461975e-03 2.541673972256338135e-02 6.340355356068788639e-02 1.111173532987237283e-01 1.701175586611746171e-01 2.419755112369209038e-01 0.000000000000000000e+00 0.000000000000000000e+00 0.000000000000000000e+00 0.000000000000000000e+00 0.000000000000000000e+00 0.000000000000000000e+00 0.000000000000000000e+00 0.000000000000000000e+00 0.000000000000000000e+00 0.000000000000000000e+00 0.000000000000000000e+00 0.000000000000000000e+00 0.000000000000000000e+00 0.000000000000000000e+00 0.000000000000000000e+00 0.000000000000000000e+00 0.000000000000000000e+00 0.000000000000000000e+00 0.000000000000000000e+00 0.000000000000000000e+00 0.000000000000000000e+00 0.000000000000000000e+00 0.000000000000000000e+00 0.000000000000000000e+00 0.000000000000000000e+00 0.000000000000000000e+00 0.000000000000000000e+00 0.000000000000000000e+00 0.000000000000000000e+00 0.000000000000000000e+00 0.000000000000000000e+00 0.000000000000000000e+00 0.000000000000000000e+00 0.000000000000000000e+00 0.000000000000000000e+00 0.000000000000000000e+00 0.000000000000000000e+00 0.000000000000000000e+00 0.000000000000000000e+00 0.000000000000000000e+00 0.000000000000000000e+00 0.000000000000000000e+00 0.000000000000000000e+00 0.000000000000000000e+00 0.000000000000000000e+00 0.000000000000000000e+00 0.000000000000000000e+00 0.000000000000000000e+00 0.000000000000000000e+00 0.000000000000000000e+00
2.420925653389129351e-01 3.277851987355016039e-01 4.271906584900707626e-01 5.385835701054821900e-01 6.568404515656861564e-01 7.736281853712634327e-01 8.760054851942348231e-01 9.484410718378362137e-01 1.000000000000000000e+00 9.487685600852753254e-01 8.768938341509506795e-01 7.752531089937245712e-01 6.590915716226001253e-01 5.410149723261427068e-01 4.296582522527200299e-01 3.298249715134905502e-01 2.436469197979536372e-01 1.713261958241908411e-01 1.118500977493998988e-01 6.380138072319031795e-02 2.555999811435678143e-02 -4.465901569811652275e-03 -2.773175755157179095e-02 -4.552861380087082355e-02 -5.894746800524534869e-02 -6.891699803166582983e-02 -7.620596890319582262e-02 -8.143699348388212800e-02 -8.510191043524269194e-02 -8.762168142671693249e-02 -8.928000939667878055e-02 -9.030625734323963205e-02 -9.085692049671781345e-02 -9.101989500800643229e-02 -9.081197533820131729e-02 -9.023872626338003133e-02 -8.918766781738493576e-02 -8.749128553698502786e-02 -8.495062971588039635e-02 -8.125852676227858506e-02 -7.600765148764664081e-02 -6.870003578657549181e-02 -5.872573995737150748e-02 -4.533243183973471174e-02 -2.760600532649374120e-02 -4.442828425418413399e-03 2.541583114596191947e-02 6.342089186003257995e-02 1.111197449213379707e-01 1.701978285099254307e-01 0.000000000000000000e+00 0.000000000000000000e+00 0.000000000000000000e+00 0.000000000000000000e+00 0.000000000000000000e+00 0.000000000000000000e+00 0.000000000000000000e+00 0.000000000000000000e+00 0.000000000000000000e+00 0.000000000000000000e+00 0.000000000000000000e+00 0.000000000000000000e+00 0.000000000000000000e+00 0.000000000000000000e+00 0.000000000000000000e+00 0.000000000000000000e+00 0.000000000000000000e+00 0.000000000000000000e+00 0.000000000000000000e+00 0.000000000000000000e+00 0.000000000000000000e+00 0.000000000000000000e+00 0.000000000000000000e+00 0.000000000000000000e+00 0.000000000000000000e+00 0.000000000000000000e+00 0.000000000000000000e+00 0.000000000000000000e+00 0.000000000000000000e+00 0.000000000000000000e+00 0.000000000000000000e+00 0.000000000000000000e+00 0.000000000000000000e+00 0.000000000000000000e+00 0.000000000000000000e+00 0.000000000000000000e+00 0.000000000000000000e+00 0.000000000000000000e+00 0.000000000000000000e+00 0.000000000000000000e+00 0.000000000000000000e+00 0.000000000000000000e+00 0.000000000000000000e+00 0.000000000000000000e+00 0.000000000000000000e+00 0.000000000000000000e+00 0.000000000000000000e+00 0.000000000000000000e+00 0.000000000000000000e+00 0.000000000000000000e+00
1.702946966124169181e-01 2.422425270150556087e-01 3.279921946774998487e-01 4.276391574171507504e-01 5.389943489236648233e-01 6.574675571798139773e-01 7.741603360491208230e-01 8.763645764050540521e-01 9.487685600852753254e-01 1.000000000000000222e+00 9.491581256058571059e-01 8.774462147610589957e-01 7.758899976932255305e-01 6.597899793865917850e-01 5.416899813161893951e-01 4.301347915371463437e-01 3.301742052501628333e-01 2.439432272599761642e-01 1.714964342768810213e-01 1.119512637209397893e-01 6.385499864065968811e-02 2.557931042925184681e-02 -4.468635825675814494e-03 -2.775204879829233293e-02 -4.555408478060751082e-02 -5.897762213293690492e-02 -6.895178520992555071e-02 -7.624147269220067635e-02 -8.146230774244109241e-02 -8.514067532935473692e-02 -8.765326605006837357e-02 -8.930929118941439981e-02 -9.033597951203523047e-02 -9.088535053883757542e-02 -9.103423321688526582e-02 -9.084700894757059830e-02 -9.027115295741046375e-02 -8.920269303692635043e-02 -8.751333319425268209e-02 -8.497541122758434096e-02 -8.127205957355654320e-02 -7.600979027628747275e-02 -6.870003578657628285e-02 -5.873025796428194001e-02 -4.534614599465283669e-02 -2.761112754870569119e-02 -4.443054594082149027e-03 2.542465224002429802e-02 6.342698466301074922e-02 1.111809155429860085e-01 0.000000000000000000e+00 0.000000000000000000e+00 0.000000000000000000e+00 0.000000000000000000e+00 0.000000000000000000e+00 0.000000000000000000e+00 0.000000000000000000e+00 0.000000000000000000e+00 0.000000000000000000e+00 0.000000000000000000e+00 0.000000000000000000e+00 0.000000000000000000e+00 0.000000000000000000e+00 0.000000000000000000e+00 0.000000000000000000e+00 0.000000000000000000e+00 0.000000000000000000e+00 0.000000000000000000e+00 0.000000000000000000e+00 0.000000000000000000e+00 0.000000000000000000e+00 0.000000000000000000e+00 0.000000000000000000e+00 0.000000000000000000e+00 0.000000000000000000e+00 0.000000000000000000e+00 0.000000000000000000e+00 0.000000000000000000e+00 0.000000000000000000e+00 0.000000000000000000e+00 0.000000000000000000e+00 0.000000000000000000e+00 0.000000000000000000e+00 0.000000000000000000e+00 0.000000000000000000e+00 0.000000000000000000e+00 0.000000000000000000e+00 0.000000000000000000e+00 0.000000000000000000e+00 0.000000000000000000e+00 0.000000000000000000e+00 0.000000000000000000e+00 0.000000000000000000e+00 0.000000000000000000e+00 0.000000000000000000e+00 0.000000000000000000e+00 0.000000000000000000e+00 0.000000000000000000e+00 0.000000000000000000e+00 0.000000000000000000e+00
1.112410230771027214e-01 1.703966949202982695e-01 2.423941340602659977e-01 3.283452316909517554e-01 4.279908895749297004e-01 5.395753936378014926e-01 6.580368222697634550e-01 7.746489350843506205e-01 8.768938341509506795e-01 9.491581256058571059e-01 1.000000000000000000e+00 9.495041967505583047e-01 8.779638099223647796e-01 7.765855466520580341e-01 6.605539868236784962e-01 5.422811127978039991e-01 4.305998900976746868e-01 3.305878555428435894e-01 2.441962224763188638e-01 1.716580941836220731e-01 1.120484864763588301e-01 6.390430572228995854e-02 2.559537086085869606e-02 -4.471851929338565949e-03 -2.776727073316705499e-02 -4.557664040521477999e-02 -5.900616054902194096e-02 -6.898223553697239996e-02 -7.626312804579972460e-02 -8.149709249267944600e-02 -8.516883544010714346e-02 -8.767934881434698291e-02 -8.933594503770093953e-02 -9.036147497248266103e-02 -9.089688453276471847e-02 -9.106662294134422464e-02 -9.087696642972699357e-02 -9.028371311446384273e-02 -8.922260392757469516e-02 -8.753637879871918603e-02 -8.498716643609206811e-02 -8.127205957355720933e-02 -7.600765148764726531e-02 -6.870337673878156026e-02 -5.874633889278731841e-02 -4.535320426716187708e-02 -2.761145858037664449e-02 -4.444528832442735077e-03 2.542622083891016294e-02 6.345987011760682861e-02 0.000000000000000000e+00 0.000000000000000000e+00 0.000000000000000000e+00 0.000000000000000000e+00 0.000000000000000000e+00 0.000000000000000000e+00 0.000000000000000000e+00 0.000000000000000000e+00 0.000000000000000000e+00 0.000000000000000000e+00 0.000000000000000000e+00 0.000000000000000000e+00 0.000000000000000000e+00 0.000000000000000000e+00 0.000000000000000000e+00 0.000000000000000000e+00 0.000000000000000000e+00 0.000000000000000000e+00 0.000000000000000000e+00 0.000000000000000000e+00 0.000000000000000000e+00 0.000000000000000000e+00 0.000000000000000000e+00 0.000000000000000000e+00 0.000000000000000000e+00 0.000000000000000000e+00 0.000000000000000000e+00 0.000000000000000000e+00 0.000000000000000000e+00 0.000000000000000000e+00 0.000000000000000000e+00 0.000000000000000000e+00 0.000000000000000000e+00 0.000000000000000000e+00 0.000000000000000000e+00 0.000000000000000000e+00 0.000000000000000000e+00 0.000000000000000000e+00 0.000000000000000000e+00 0.000000000000000000e+00 0.000000000000000000e+00 0.000000000000000000e+00 0.000000000000000000e+00 0.000000000000000000e+00 0.000000000000000000e+00 0.000000000000000000e+00 0.000000000000000000e+00 0.000000000000000000e+00 0.000000000000000000e+00 0.000000000000000000e+00
6.348491807106948492e-02 1.112917886915778393e-01 1.704804210845514423e-01 2.426274005798014222e-01 3.285862555664378903e-01 4.284361854926581614e-01 5.400527096443421549e-01 6.585081323753170235e-01 7.752531089937245712e-01 8.774462147610589957e-01 9.495041967505583047e-01 1.000000000000000000e+00 9.497617747567010937e-01 8.784708747791277750e-01 7.772822519217433834e-01 6.611599301516312144e-01 5.428040449894544484e-01 4.311007630576935146e-01 3.309075393068962589e-01 2.444097194776849724e-01 1.717942706888840598e-01 1.121254560535947797e-01 6.393827956878134211e-02 2.561138646973273522e-02 -4.473740282295975146e-03 -2.777761537747325260e-02 -4.559287902475573501e-02 -5.902444970112584455e-02 -6.899253481312304925e-02 -7.628524010291427848e-02 -8.151274757402424131e-02 -8.518228367307099924e-02 -8.769322465805025335e-02 -8.934861906108920726e-02 -9.036025627957200435e-02 -9.091651075713391705e-02 -9.108394574298153690e-02 -9.087695175552552851e-02 -9.029133225967297949e-02 -8.923374519830062912e-02 -8.753637879871919991e-02 -8.497541122758467402e-02 -8.125852676227929283e-02 -7.600081312918333110e-02 -6.871263378758531160e-02 -5.874725116606267089e-02 -4.534731136634321397e-02 -2.761635771534902764e-02 -4.444248451960787841e-03 2.543565627849804153e-02 0.000000000000000000e+00 0.000000000000000000e+00 0.000000000000000000e+00 0.000000000000000000e+00 0.000000000000000000e+00 0.000000000000000000e+00 0.000000000000000000e+00 0.000000000000000000e+00 0.000000000000000000e+00 0.000000000000000000e+00 0.000000000000000000e+00 0.000000000000000000e+00 0.000000000000000000e+00 0.000000000000000000e+00 0.000000000000000000e+00 0.000000000000000000e+00 0.000000000000000000e+00 0.000000000000000000e+00 0.000000000000000000e+00 0.000000000000000000e+00 0.000000000000000000e+00 0.000000000000000000e+00 0.000000000000000000e+00 0.000000000000000000e+00 0.000000000000000000e+00 0.000000000000000000e+00 0.000000000000000000e+00 0.000000000000000000e+00 0.000000000000000000e+00 0.000000000000000000e+00 0.000000000000000000e+00 0.000000000000000000e+00 0.000000000000000000e+00 0.000000000000000000e+00 0.000000000000000000e+00 0.000000000000000000e+00 0.000000000000000000e+00 0.000000000000000000e+00 0.000000000000000000e+00 0.000000000000000000e+00 0.000000000000000000e+00 0.000000000000000000e+00 0.000000000000000000e+00 0.000000000000000000e+00 0.000000000000000000e+00 0.000000000000000000e+00 0.000000000000000000e+00 0.000000000000000000e+00 0.000000000000000000e+00 0.000000000000000000e+00
2.544216182836049958e-02 6.350508942248053734e-02 1.113312551156361851e-01 1.706227607078824038e-01 2.427779713706375297e-01 3.289014961133538417e-01 4.287982774536417407e-01 5.404489798780635068e-01 6.590915716226001253e-01 7.758899976932255305e-01 8.779638099223647796e-01 9.497617747567010937e-01 1.000000000000000222e+00 9.500157980519801093e-01 8.789829371974084982e-01 7.778185258757459586e-01 6.616943617992702142e-01 5.433738467777574632e-01 4.314850437713541598e-01 3.311763357927626772e-01 2.445885576009750040e-01 1.719006251831695919e-01 1.121764664282584312e-01 6.397259667127493110e-02 2.562016379767979163e-02 -4.474881539676313184e-03 -2.778442741993429957e-02 -4.560175714972469069e-02 -5.902625995688767085e-02 -6.900415423524966507e-02 -7.629047442583403171e-02 -8.151544418287846872e-02 -8.518506406573174428e-02 -8.769461587987442686e-02 -8.933613885201914517e-02 -9.036839570392402043e-02 -9.092238472488328727e-02 -9.107250227505217510e-02 -9.087325174515412107e-02 -9.029133225967311827e-02 -8.922260392757443148e-02 -8.751333319425311230e-02 -8.495062971588127065e-02 -8.124102289201830251e-02 -7.600147897859124702e-02 -6.870497086478292992e-02 -5.873206165105023663e-02 -4.534941841938756879e-02 -2.761056761610544696e-02 -4.445394055700997715e-03 0.000000000000000000e+00 0.000000000000000000e+00 0.000000000000000000e+00 0.000000000000000000e+00 0.000000000000000000e+00 0.000000000000000000e+00 0.000000000000000000e+00 0.000000000000000000e+00 0.000000000000000000e+00 0.000000000000000000e+00 0.000000000000000000e+00 0.000000000000000000e+00 0.000000000000000000e+00 0.000000000000000000e+00 0.000000000000000000e+00 0.000000000000000000e+00 0.000000000000000000e+00 0.000000000000000000e+00 0.000000000000000000e+00 0.000000000000000000e+00 0.000000000000000000e+00 0.000000000000000000e+00 0.000000000000000000e+00 0.000000000000000000e+00 0.000000000000000000e+00 0.000000000000000000e+00 0.000000000000000000e+00 0.000000000000000000e+00 0.000000000000000000e+00 0.000000000000000000e+00 0.000000000000000000e+00 0.000000000000000000e+00 0.000000000000000000e+00 0.000000000000000000e+00 0.000000000000000000e+00 0.000000000000000000e+00 0.000000000000000000e+00 0.000000000000000000e+00 0.000000000000000000e+00 0.000000000000000000e+00 0.000000000000000000e+00 0.000000000000000000e+00 0.000000000000000000e+00 0.000000000000000000e+00 0.000000000000000000e+00 0.000000000000000000e+00 0.000000000000000000e+00 0.000000000000000000e+00 0.000000000000000000e+00 0.000000000000000000e+00
-4.446734976386108179e-03 2.545073104599358121e-02 6.352871062623098586e-02 1.114262563482462942e-01 1.707323558540922714e-01 2.430198584743382684e-01 3.291991864034795046e-01 4.291544131193006928e-01 5.410149723261427068e-01 6.597899793865917850e-01 7.765855466520580341e-01 8.784708747791277750e-01 9.500157980519801093e-01 1.000000000000000000e+00 9.503498729355259744e-01 8.794371657036059720e-01 7.783759386916341283e-01 6.623694795623621401e-01 5.438777917883740320e-01 4.318657967452740887e-01 3.314467938142278136e-01 2.447615283241650341e-01 1.719934626149678958e-01 1.122452016704273831e-01 6.399892396569568931e-02 2.562882462144707579e-02 -4.476168060009818282e-03 -2.779127077736435331e-02 -4.560538294980132773e-02 -5.903890663262340022e-02 -6.901191394537749269e-02 -7.629622940496277872e-02 -8.152147788142161122e-02 -8.518989190907504117e-02 -8.768591353662157084e-02 -8.934781366062334584e-02 -9.037790669354511808e-02 -9.091464932649671871e-02 -9.107250227505205020e-02 -9.087695175552598648e-02 -9.028371311446389824e-02 -8.920269303692664187e-02 -8.749128553698570787e-02 -8.493565781475877208e-02 -8.124486091713316316e-02 -7.599583604547212323e-02 -6.868965585708522448e-02 -5.873676646825699149e-02 -4.534127945784430236e-02 -2.761804258852079696e-02 0.000000000000000000e+00 0.000000000000000000e+00 0.000000000000000000e+00 0.000000000000000000e+00 0.000000000000000000e+00 0.000000000000000000e+00 0.000000000000000000e+00 0.000000000000000000e+00 0.000000000000000000e+00 0.000000000000000000e+00 0.000000000000000000e+00 0.000000000000000000e+00 0.000000000000000000e+00 0.000000000000000000e+00 0.000000000000000000e+00 0.000000000000000000e+00 0.000000000000000000e+00 0.000000000000000000e+00 0.000000000000000000e+00 0.000000000000000000e+00 0.000000000000000000e+00 0.000000000000000000e+00 0.000000000000000000e+00 0.000000000000000000e+00 0.000000000000000000e+00 0.000000000000000000e+00 0.000000000000000000e+00 0.000000000000000000e+00 0.000000000000000000e+00 0.000000000000000000e+00 0.000000000000000000e+00 0.000000000000000000e+00 0.000000000000000000e+00 0.000000000000000000e+00 0.000000000000000000e+00 0.000000000000000000e+00 0.000000000000000000e+00 0.000000000000000000e+00 0.000000000000000000e+00 0.000000000000000000e+00 0.000000000000000000e+00 0.000000000000000000e+00 0.000000000000000000e+00 0.000000000000000000e+00 0.000000000000000000e+00 0.000000000000000000e+00 0.000000000000000000e+00 0.000000000000000000e+00 0.000000000000000000e+00 0.000000000000000000e+00
-2.762782958284713819e-02 -4.448599391958811891e-03 2.546162671899762989e-02 6.358630363077501235e-02 1.115034023703318361e-01 1.709116245079860263e-01 2.432551028926644709e-01 3.295000417575381091e-01 4.296582522527200299e-01 5.416899813161893951e-01 6.605539868236784962e-01 7.772822519217433834e-01 8.789829371974084982e-01 9.503498729355259744e-01 1.000000000000000000e+00 9.506477318021191447e-01 8.799294660285863490e-01 7.790995384555399195e-01 6.629856671941266599e-01 5.443908977880577149e-01 4.322594816245591831e-01 3.317182545852897513e-01 2.449225830159178774e-01 1.721183788189156461e-01 1.123038296959729260e-01 6.402724634856983565e-02 2.563933209949151304e-02 -4.477636602082486414e-03 -2.779606728782703026e-02 -4.561928517426214885e-02 -5.905079120561244205e-02 -6.902315242236259363e-02 -7.630846856981901571e-02 -8.153308941403629440e-02 -8.518870835103968531e-02 -8.770485584745479901e-02 -8.936483518799898107e-02 -9.037790669354479889e-02 -9.092238472488312073e-02 -9.108394574298142587e-02 -9.087696642972721561e-02 -9.027115295741081069e-02 -8.918766781738506066e-02 -8.748311553178414468e-02 -8.494664511728619583e-02 -8.124540306123047284e-02 -7.598492860942050731e-02 -6.870048750680722571e-02 -5.873061435389072271e-02 -4.535676986647100423e-02 0.000000000000000000e+00 0.000000000000000000e+00 0.000000000000000000e+00 0.000000000000000000e+00 0.000000000000000000e+00 0.000000000000000000e+00 0.000000000000000000e+00 0.000000000000000000e+00 0.000000000000000000e+00 0.000000000000000000e+00 0.000000000000000000e+00 0.000000000000000000e+00 0.000000000000000000e+00 0.000000000000000000e+00 0.000000000000000000e+00 0.000000000000000000e+00 0.000000000000000000e+00 0.000000000000000000e+00 0.000000000000000000e+00 0.000000000000000000e+00 0.000000000000000000e+00 0.000000000000000000e+00 0.000000000000000000e+00 0.000000000000000000e+00 0.000000000000000000e+00 0.000000000000000000e+00 0.000000000000000000e+00 0.000000000000000000e+00 0.000000000000000000e+00 0.000000000000000000e+00 0.000000000000000000e+00 0.000000000000000000e+00 0.000000000000000000e+00 0.000000000000000000e+00 0.000000000000000000e+00 0.000000000000000000e+00 0.000000000000000000e+00 0.000000000000000000e+00 0.000000000000000000e+00 0.000000000000000000e+00 0.000000000000000000e+00 0.000000000000000000e+00 0.000000000000000000e+00 0.000000000000000000e+00 0.000000000000000000e+00 0.000000000000000000e+00 0.000000000000000000e+00 0.000000000000000000e+00 0.000000000000000000e+00 0.000000000000000000e+00
