1.000000000000000000e+00 9.797839622880817334e-01 9.264015319949219229e-01 8.496709711660003217e-01 7.630385030598729745e-01 6.777563476948327281e-01 6.009797876079935319e-01 5.349845620829696280e-01 4.794434951774039777e-01 4.315020155705009963e-01 3.893358627699433638e-01 3.521118927135025167e-01 3.183620006892722287e-01 2.891680453166124432e-01 2.646884093986725528e-01 2.445444394351304618e-01 2.282165028638464266e-01 2.152932117441130611e-01 2.054875199447822598e-01 1.963182129747238214e-01 1.895778420469192982e-01 1.838184764063480747e-01 1.794189416024801198e-01 1.762188264737540033e-01 1.743361032669944466e-01 1.748984633658164090e-01 1.755961933550322651e-01 1.788967444388751826e-01 1.831799022512164699e-01 1.889335065791766799e-01 1.959111344455198300e-01 2.030016674631706652e-01 2.118412886111404880e-01 2.219890363792267063e-01 2.357673629505184221e-01 2.525244134086148118e-01 2.737725721574847948e-01 2.989385192283925408e-01 3.279674658364504780e-01 3.615108549722104714e-01 3.982677382569452251e-01 4.390181311294040212e-01 4.858105796599643256e-01 5.395704595867557574e-01 6.044235195045956077e-01 6.799457313572956352e-01 7.646761839880477085e-01 8.508347697565113998e-01 9.269099499323618652e-01 9.799744550620973493e-01 9.388567054271388379e-01 9.285751636579192558e-01 8.996279768733402848e-01 8.566910793753439446e-01 8.059537763454922565e-01 7.529517422197699039e-01 7.013445566022274980e-01 6.525441439310948333e-01 6.074394457703892192e-01 5.654575758734062818e-01 5.256494408709725397e-01 4.882698190920267689e-01 4.530954675614768945e-01 4.212646100808526417e-01 3.918333635442391993e-01 3.658553434808555771e-01 3.431834681674400533e-01 3.239693040581469452e-01 3.071840140689780507e-01 2.937910107583840968e-01 2.823140599700595388e-01 2.731548980406824367e-01 2.661519959525933121e-01 2.612595896061523648e-01 2.582263617324339067e-01 2.573002739212044698e-01 2.588255890373687418e-01 2.628040188255867937e-01 2.687214764373489495e-01 2.770867179483199605e-01 2.874941061122694430e-01 2.996491942116132345e-01 3.141225272278069802e-01 3.309631702554421961e-01 3.505891194179590054e-01 3.731856656085792423e-01 3.991344782394647961e-01 4.275679220638857192e-01 4.599234178631197434e-01 4.943594032901157953e-01 5.311769672981363488e-01 5.703912140889647597e-01 6.117095578321716243e-01 6.557654814188265124e-01 7.033853489634054323e-01 7.537374271108234769e-01 8.063888702914370210e-01 8.565671233847009791e-01 8.992541756879640635e-01 9.284492427040711426e-01
9.797839622880817334e-01 9.999999999999997780e-01 9.797868578193416056e-01 9.265049404608441952e-01 8.500242131518629396e-01 7.630938647502564232e-01 6.771594616837605107e-01 5.992990924560559485e-01 5.325388105623530821e-01 4.759390412301131024e-01 4.274947635611387464e-01 3.857766443635629594e-01 3.485129027302200644e-01 3.161269416153015821e-01 2.883092096586058473e-01 2.647544889475786367e-01 2.449546284054086309e-01 2.288178546352761522e-01 2.159936206587888263e-01 2.043491816311369946e-01 1.952772581696345100e-01 1.877103954240402217e-01 1.817685414527757670e-01 1.773524489813828042e-01 1.742468617166916256e-01 1.737888253739787725e-01 1.734134275834174066e-01 1.758201006195954375e-01 1.789813652155327617e-01 1.834718395860999440e-01 1.888514166498962976e-01 1.938444996243837704e-01 2.001825037196099388e-01 2.075950495291873366e-01 2.180647842988690521e-01 2.313258363258390293e-01 2.492688964277161578e-01 2.713122366502359606e-01 2.974933088745286280e-01 3.281683922971764811e-01 3.617795807894237381e-01 3.982518036503977510e-01 4.389839749414584102e-01 4.844095767378229223e-01 5.385868280343871772e-01 6.027715468917250741e-01 6.789460652239793781e-01 7.638446321073749656e-01 8.500766460693118809e-01 9.267358033736554646e-01 9.279627966234255121e-01 9.383491830303950509e-01 9.281794119597260861e-01 8.990616258419433793e-01 8.560710868208376567e-01 8.051177380187777288e-01 7.516758748112032373e-01 6.993861602523294696e-01 6.503996010632888680e-01 6.051646522891634961e-01 5.626461302271208442e-01 5.230485351376250591e-01 4.856322767237002402e-01 4.514787403089800533e-01 4.194089320460904213e-01 3.905393261278308215e-01 3.648194823415578658e-01 3.424059563603525924e-01 3.225595309393034515e-01 3.062675072163011381e-01 2.921446614737054914e-01 2.805433260557963493e-01 2.711992471483950506e-01 2.640409094942814394e-01 2.589310314710550065e-01 2.560073755463553868e-01 2.555641094977565420e-01 2.575221987287105718e-01 2.613870668980294298e-01 2.676566050010918962e-01 2.757768108491441827e-01 2.854240174076259073e-01 2.971988675132508084e-01 3.111537837193883438e-01 3.277556151847990651e-01 3.474475951626616599e-01 3.704422636431097815e-01 3.962592364128432187e-01 4.263101634151466035e-01 4.586510529218467136e-01 4.934645303039818520e-01 5.305596844572693094e-01 5.694601272628683208e-01 6.104282150300821552e-01 6.545304914948805175e-01 7.017183378261292459e-01 7.529015313925278008e-01 8.053412966717362620e-01 8.558175479364520388e-01 8.988879002546554808e-01
9.264015319949219229e-01 9.797868578193416056e-01 9.999999999999997780e-01 9.798414696273144431e-01 9.267560122229757669e-01 8.499470630688403805e-01 7.622750709344695563e-01 6.752907585125871304e-01 5.965503861579023459e-01 5.289520367280359237e-01 4.718987810444671416e-01 4.240632315427268484e-01 3.825837267024973509e-01 3.468604409083981266e-01 3.157879656789174261e-01 2.888938367777220129e-01 2.655273957902111737e-01 2.458507256512502404e-01 2.295873609597127163e-01 2.148641399364182580e-01 2.028685481056627382e-01 1.928609440481411086e-01 1.848570738761915744e-01 1.789169977698610303e-01 1.745563905142749339e-01 1.731090797715796048e-01 1.719502616110517024e-01 1.737148969310791657e-01 1.760345627361485643e-01 1.794878121833638485e-01 1.835458452949048913e-01 1.868527012447891156e-01 1.910943107757831771e-01 1.962615026613244162e-01 2.037894046145395377e-01 2.139018501783842008e-01 2.286124315163235998e-01 2.473884644755929840e-01 2.702683063637195127e-01 2.976030518623405952e-01 3.280141140343306727e-01 3.609197102532202273e-01 3.974774282504568990e-01 4.372859847746125017e-01 4.833952148150839623e-01 5.371479697350328708e-01 6.020798001744266381e-01 6.782144280537694137e-01 7.629645889084172294e-01 8.498768581009626955e-01 8.983044741684557133e-01 9.275234055644444586e-01 9.379765554321581877e-01 9.275680959360417255e-01 8.984457444265225856e-01 8.551183824492568641e-01 8.036670219331992771e-01 7.496714073691107538e-01 6.971189223252277634e-01 6.481028865654957505e-01 6.023348581234531096e-01 5.601699008263479884e-01 5.205381519089640197e-01 4.841998016743564448e-01 4.497323272118597393e-01 4.181943818486754672e-01 3.895136951145063420e-01 3.639368053424124616e-01 3.408693245673335426e-01 3.215175644464538518e-01 3.044639859323390318e-01 2.901435025281386970e-01 2.782245251077829495e-01 2.686118371006990246e-01 2.613731698117043867e-01 2.564562515928929809e-01 2.541406499264414753e-01 2.542600045876375336e-01 2.562302637257586335e-01 2.605854566105628711e-01 2.665980328418892653e-01 2.739592334935614937e-01 2.831920373588792672e-01 2.944497500497246789e-01 3.081521979234404518e-01 3.249607459569034962e-01 3.449237848458057698e-01 3.679366575037758547e-01 3.952447389253446741e-01 4.250804582103438478e-01 4.575273695100071647e-01 4.924455728574589353e-01 5.293410795565857141e-01 5.679018933670852975e-01 6.091578117263468650e-01 6.530280258767389157e-01 7.009746734085786635e-01 7.519078975857349523e-01 8.045752198569869895e-01 8.553720257760843992e-01
8.496709711660003217e-01 9.265049404608441952e-01 9.798414696273144431e-01 1.000000000000000000e+00 9.799429992035743053e-01 9.266253155095262040e-01 8.490611803975184335e-01 7.604968217997924995e-01 6.726634106432680671e-01 5.935490326956209817e-01 5.257869293597114968e-01 4.696679076064128600e-01 4.224445783680050304e-01 3.826031156618173168e-01 3.480006343136979874e-01 3.176703309172939638e-01 2.904916069530009137e-01 2.670308082679503370e-01 2.468404351975545252e-01 2.285182258754563933e-01 2.130771179119571590e-01 2.001123672730894254e-01 1.895248244707047891e-01 1.817260267544923702e-01 1.759175024125187448e-01 1.733242659758816584e-01 1.713395180793093886e-01 1.722986799612586939e-01 1.736633096943762389e-01 1.759590601565076962e-01 1.786748663620298938e-01 1.805425675459821078e-01 1.830737470783074528e-01 1.865535316311430492e-01 1.917633263592249115e-01 1.993286288983333876e-01 2.111841740412701007e-01 2.267304651279604677e-01 2.459982925056925507e-01 2.695756487572667504e-01 2.964466628424817785e-01 3.260144793337177438e-01 3.593943457238001904e-01 3.956383245909910196e-01 4.364210652980055061e-01 4.823660025627707904e-01 5.369027915247007732e-01 6.016966813955385573e-01 6.775693339024512207e-01 7.630288677230636640e-01 8.550647973021704429e-01 8.982743201598624161e-01 9.274379140150665890e-01 9.376331675178259939e-01 9.272231430511774786e-01 8.977061154482585126e-01 8.539135530627325332e-01 8.020793855372910786e-01 7.478341876821423817e-01 6.954382126934697261e-01 6.461299364802122192e-01 6.008876787289617605e-01 5.587903444206551162e-01 5.202077919098744285e-01 4.834561308767236221e-01 4.493978841331162655e-01 4.178190709351458088e-01 3.890389945039945951e-01 3.626660136897902342e-01 3.400277481834436677e-01 3.198357226470108228e-01 3.024950261172882904e-01 2.877818087396709634e-01 2.754489656085817306e-01 2.659295633194826980e-01 2.588855476631172770e-01 2.545813235899901938e-01 2.527686702826984488e-01 2.527511125512294510e-01 2.551397859806387447e-01 2.590374456243669243e-01 2.642371136859418823e-01 2.710968501530425789e-01 2.799151708179473119e-01 2.910238543763283281e-01 3.050953021431691004e-01 3.221171359345290086e-01 3.421908595026482702e-01 3.665143170293231889e-01 3.935007672404697288e-01 4.233222564278027455e-01 4.559031052037807452e-01 4.909427012757598963e-01 5.276350955552721045e-01 5.667916929591770847e-01 6.079870691257037718e-01 6.525557951659576306e-01 7.002877949198003105e-01 7.513823908646493077e-01 8.043963446370820947e-01
7.630385030598729745e-01 8.500242131518629396e-01 9.267560122229757669e-01 9.799429992035743053e-01 1.000000000000000000e+00 9.797664295295221981e-01 9.257438065351221157e-01 8.475063020923555568e-01 7.582231714057205973e-01 6.704389104902994667e-01 5.913488427937229064e-01 5.246033928439634009e-01 4.691909760498482740e-01 4.235324870221590099e-01 3.846109672508235544e-01 3.506776180198531434e-01 3.198269846525839122e-01 2.925740956408790505e-01 2.684508891346135129e-01 2.463075804863789908e-01 2.270861069578115066e-01 2.107615432538233469e-01 1.970793839507559986e-01 1.870433843514786865e-01 1.794570966712434046e-01 1.754811929175925933e-01 1.725318943881321287e-01 1.725164602113609114e-01 1.729451403562436429e-01 1.740640736925773702e-01 1.755891695339020786e-01 1.763062084698824028e-01 1.774318016233033812e-01 1.795101641543222770e-01 1.828131760568219577e-01 1.882499264712703402e-01 1.974177876073623106e-01 2.097429096879370736e-01 2.252714010794324151e-01 2.447748500216399004e-01 2.678417971341888193e-01 2.940102125111814235e-01 3.245827652120762963e-01 3.581651808544923377e-01 3.954089177597994720e-01 4.360392265064365058e-01 4.825841723636420943e-01 5.368911442129986611e-01 6.012682731733390851e-01 6.779035887552433692e-01 8.044946437851198118e-01 8.555393294422988237e-01 8.985412778840040637e-01 9.274787161822566350e-01 9.375811468144938932e-01 9.267997406751596889e-01 8.969120762350217824e-01 8.528986977271239001e-01 8.009355115968238570e-01 7.470356256411901930e-01 6.945114678002524133e-01 6.457514167663194193e-01 6.006417704582581729e-01 5.594802843950866800e-01 5.204519137672890539e-01 4.841010201884648478e-01 4.499308565659900228e-01 4.182542668791769391e-01 3.887413677286101210e-01 3.628714092387975154e-01 3.394337335595507543e-01 3.189341847337258118e-01 3.012252406665462678e-01 2.860013316726034982e-01 2.740448602434339964e-01 2.646970188450323280e-01 2.582872621497135368e-01 2.544408287663972867e-01 2.524060883120008425e-01 2.527808620636465275e-01 2.546265464589884120e-01 2.577473326576687485e-01 2.623232576452674270e-01 2.688313516167851747e-01 2.774911701740035430e-01 2.888871891288423144e-01 3.030267766797469231e-01 3.200033325830634601e-01 3.411459651343611843e-01 3.649430303962785671e-01 3.918337479252820277e-01 4.217343323989712345e-01 4.547525850714704276e-01 4.896050446343765405e-01 5.270248963828347843e-01 5.661540494891310615e-01 6.078685867493585082e-01 6.521977382332795337e-01 7.000227984910838419e-01 7.515520943452418390e-01
6.777563476948327281e-01 7.630938647502564232e-01 8.499470630688403805e-01 9.266253155095262040e-01 9.797664295295221981e-01 1.000000000000000000e+00 9.794995031513609174e-01 9.251272953640253816e-01 8.464349796826297068e-01 7.575668912702830937e-01 6.699350203975474871e-01 5.918835770609853775e-01 5.258840604322080337e-01 4.718564783819835795e-01 4.268304702452112021e-01 3.883635510317607897e-01 3.534924088797679054e-01 3.223773960179620035e-01 2.942474636038150404e-01 2.682415417819253856e-01 2.451166560563209362e-01 2.254269955743279374e-01 2.087466755026213261e-01 1.965771801884287351e-01 1.871439177339050131e-01 1.816864341690256068e-01 1.774471759923231806e-01 1.760387330723800769e-01 1.751556896480168657e-01 1.749233989770576092e-01 1.751694892770701006e-01 1.748581965531639526e-01 1.749203891967232583e-01 1.759170382365947694e-01 1.778404899987838794e-01 1.816087837115852865e-01 1.883506295204724068e-01 1.976336206465876266e-01 2.094873513973916357e-01 2.249125499502841741e-01 2.440675635119747833e-01 2.666984744444595989e-01 2.941460942372062237e-01 3.249973469847232121e-01 3.591972582301341532e-01 3.958993096442642856e-01 4.366322616803617329e-01 4.827561549444515099e-01 5.364084722330357824e-01 6.015189976887467260e-01 7.519629724382098646e-01 8.052444510099775465e-01 8.559606732091368242e-01 8.988544576744125214e-01 9.277501544123081256e-01 9.376818899596386370e-01 9.267291366833535493e-01 8.968164039318372582e-01 8.528278399701677559e-01 8.012702469899629643e-01 7.473840120412755805e-01 6.953844276269557367e-01 6.468059927667517695e-01 6.024767038613255687e-01 5.608860434513416315e-01 5.222058905006984331e-01 4.856401569255007211e-01 4.513344722187836999e-01 4.189581881379830786e-01 3.899876356306697378e-01 3.634299553058460974e-01 3.398482433136897907e-01 3.192373942991039715e-01 3.012339381791246384e-01 2.868029087485429174e-01 2.750873420780114431e-01 2.663795653938034746e-01 2.603273112900023611e-01 2.560920028142852356e-01 2.543470724271914007e-01 2.540517479337308648e-01 2.551660921727468279e-01 2.575667154737281139e-01 2.619487568387460774e-01 2.683525890000280634e-01 2.772385810430860187e-01 2.886153426699982760e-01 3.025007329876762685e-01 3.203445563448975020e-01 3.407997779968112151e-01 3.645165886816336132e-01 3.913964384414262976e-01 4.220248861988290523e-01 4.546989567238407526e-01 4.902161149487969105e-01 5.273889350752013483e-01 5.667064224672221373e-01 6.079966752568650712e-01 6.522562606679737085e-01 7.005305348802818299e-01
6.009797876079935319e-01 6.771594616837605107e-01 7.622750709344695563e-01 8.490611803975184335e-01 9.257438065351221157e-01 9.794995031513609174e-01 1.000000000000000000e+00 9.794507234206307755e-01 9.249258331592618010e-01 8.467758675885415087e-01 7.580558598375870538e-01 6.713447495628253048e-01 5.938518157460113134e-01 5.288950407776172868e-01 4.753465952424272278e-01 4.306842490294748860e-01 3.910595795167700062e-01 3.560394791222076805e-01 3.241314561507035452e-01 2.946188869498724272e-01 2.677839746995637205e-01 2.447022102505509167e-01 2.247813747154320807e-01 2.100513488710959165e-01 1.980653901307423970e-01 1.904566651428163115e-01 1.843071914413476342e-01 1.810579950189211418e-01 1.786223931418305655e-01 1.770758189469955335e-01 1.762162482974841127e-01 1.751329855392305679e-01 1.744727768767187492e-01 1.747303251293978732e-01 1.757790211443109041e-01 1.783492845038927854e-01 1.831598520774395666e-01 1.897496906168764652e-01 1.982025269792621891e-01 2.097282092444414658e-01 2.249420385254050636e-01 2.438514838182206101e-01 2.677645103191072518e-01 2.955305459308288363e-01 3.266683070075923623e-01 3.600278270328987062e-01 3.966341584366309125e-01 4.369697808208762857e-01 4.822142241871110180e-01 5.365019994292460348e-01 7.011061612028918200e-01 7.527549096990756583e-01 8.055816789067751227e-01 8.562720886333373693e-01 8.991871208832258322e-01 9.280879962810169026e-01 9.380901802862796623e-01 9.272804781966604848e-01 8.975185758581620821e-01 8.539443233430769054e-01 8.025062104477127534e-01 7.490090803054618718e-01 6.971718687110302071e-01 6.491538472409873473e-01 6.044401103384604568e-01 5.631204853798896792e-01 5.242221414203631635e-01 4.875851386217751049e-01 4.527559679400049442e-01 4.210127143636557823e-01 3.915856921294608717e-01 3.650144664654350612e-01 3.414699123118699609e-01 3.205467572581244817e-01 3.033578351652234106e-01 2.889522302136401377e-01 2.776409122158996490e-01 2.691462343787098810e-01 2.626199461377705102e-01 2.587114418166304719e-01 2.563324140953464059e-01 2.555383202719733182e-01 2.559349631901583488e-01 2.583897847193745712e-01 2.627987322522644109e-01 2.693921431161442337e-01 2.782779745141826799e-01 2.891657125452917199e-01 3.038155051380990734e-01 3.208783164242404728e-01 3.412991395799008787e-01 3.648695822993875404e-01 3.926568728580502321e-01 4.227045970742948078e-01 4.559562589641131258e-01 4.910541931177070385e-01 5.282532106244056669e-01 5.670730038807878515e-01 6.082909015306110501e-01 6.529962648600498021e-01
5.349845620829696280e-01 5.992990924560559485e-01 6.752907585125871304e-01 7.604968217997924995e-01 8.475063020923555568e-01 9.251272953640253816e-01 9.794507234206307755e-01 1.000000000000000000e+00 9.793943054434053330e-01 9.253010606916399761e-01 8.473057423473043803e-01 7.594105738633568636e-01 6.732268291458405329e-01 5.967090899332428977e-01 5.324320902778214570e-01 4.793141110858741283e-01 4.334323739860429514e-01 3.937904124853769394e-01 3.580078764672127156e-01 3.252770444247539139e-01 2.950347534231149704e-01 2.689030701556350822e-01 2.459722451630046158e-01 2.285633437576806704e-01 2.138243674385723048e-01 2.037572587201821883e-01 1.952645788565059159e-01 1.897931774354495726e-01 1.854518710423531391e-01 1.823333077260700097e-01 1.801847314979755921e-01 1.782170718499087592e-01 1.769094457905584505e-01 1.764545888303346854e-01 1.767550199514610065e-01 1.783565217543186254e-01 1.813544338518834620e-01 1.854297840126835073e-01 1.908298648042504042e-01 1.988473282550935750e-01 2.104555150869141800e-01 2.258663225913641881e-01 2.461387243969987149e-01 2.704521778353219941e-01 2.981641026569593622e-01 3.280642463460524683e-01 3.609506587478495954e-01 3.968835896621520365e-01 4.359391321906486150e-01 4.816311487470555930e-01 6.532929711033079734e-01 7.014783196340966809e-01 7.525877858031772005e-01 8.054971252232432377e-01 8.563162807782895847e-01 8.993419564896572016e-01 9.284347853979181275e-01 9.386358957438397654e-01 9.279671947167141832e-01 8.985941466844111769e-01 8.552237969108906768e-01 8.041163507512066877e-01 7.509107277681220660e-01 6.996238455301230230e-01 6.514729898766686844e-01 6.071183282857514074e-01 5.656994994779775965e-01 5.268465077806255836e-01 4.899142204927605104e-01 4.557910145522359735e-01 4.238957321999236583e-01 3.946725227528541380e-01 3.684376313537746084e-01 3.447673954324461665e-01 3.247449753201125944e-01 3.075740355093192768e-01 2.935094890336961693e-01 2.823486298470220257e-01 2.733358892270516538e-01 2.671217941047627220e-01 2.625498233548213545e-01 2.597773051322017634e-01 2.582242679710047839e-01 2.587977677454222358e-01 2.612568176281497290e-01 2.656497154528600357e-01 2.721011631295880417e-01 2.800901331775963454e-01 2.915892444583766951e-01 3.052968184894238046e-01 3.224048747530556258e-01 3.426109335394646460e-01 3.672916261382754843e-01 3.943519345203497228e-01 4.248644849223618958e-01 4.574578529072360622e-01 4.923317784079533910e-01 5.288127587447661870e-01 5.674263512311247259e-01 6.088371270914560984e-01
4.794434951774039777e-01 5.325388105623530821e-01 5.965503861579023459e-01 6.726634106432680671e-01 7.582231714057205973e-01 8.464349796826297068e-01 9.249258331592618010e-01 9.793943054434053330e-01 1.000000000000000000e+00 9.796352850317127103e-01 9.257108197387846626e-01 8.483330283282117801e-01 7.608588512862808351e-01 6.754812452445780879e-01 5.996163012039470441e-01 5.356974245607295515e-01 4.813146936926232522e-01 4.355941955529364362e-01 3.954307535804825746e-01 3.594755828056677704e-01 3.261034964109209566e-01 2.970552083523751441e-01 2.710210767396147857e-01 2.504989086976149859e-01 2.324251514989427170e-01 2.193059414421741071e-01 2.078982513350922934e-01 1.998899862345024647e-01 1.934664595821267707e-01 1.887408724357518275e-01 1.853328512786563131e-01 1.824401566604030300e-01 1.803073628024667863e-01 1.789334079665648447e-01 1.783860359690325470e-01 1.790569862557147840e-01 1.806428510025016587e-01 1.827737027509179768e-01 1.858633730018421082e-01 1.911548068179811932e-01 1.997270371551373713e-01 2.120269603688775817e-01 2.286529479954216848e-01 2.492650888961950861e-01 2.732152747671690030e-01 2.993850098094301138e-01 3.286869893158779754e-01 3.609766964612394213e-01 3.955290298274224958e-01 4.350179738584674660e-01 6.086041965212333205e-01 6.529928097100431428e-01 7.005393079919157717e-01 7.517876460774940428e-01 8.049656442394307332e-01 8.559245038164975394e-01 8.992736951998265837e-01 9.286162326187531457e-01 9.388865171958318268e-01 9.285560712566838237e-01 8.993709413242451101e-01 8.562273971255900396e-01 8.054087109282055401e-01 7.525569574588623079e-01 7.012371481110917237e-01 6.533700562274024071e-01 6.089871928605327112e-01 5.676805472435251243e-01 5.287670844155840655e-01 4.925476774951340064e-01 4.584898249663187930e-01 4.268782425635058719e-01 3.980596390936879669e-01 3.716703355882531867e-01 3.485936338253317612e-01 3.284496089661075868e-01 3.114098314779575882e-01 2.973877287546901060e-01 2.857744744284015370e-01 2.771598527300607184e-01 2.703769367082388686e-01 2.655697519008867746e-01 2.620187031857630355e-01 2.606620882472812650e-01 2.611636427065009425e-01 2.634547149058639737e-01 2.676945457664895445e-01 2.731479364127949450e-01 2.818736233693605597e-01 2.925355430604711926e-01 3.065722907755153992e-01 3.235248566195474407e-01 3.449298543436516984e-01 3.687366688012244098e-01 3.961396826905243529e-01 4.258584229336674909e-01 4.581887915179529980e-01 4.923440618431894067e-01 5.287013779734971441e-01 5.673457771254549753e-01
4.315020155705009963e-01 4.759390412301131024e-01 5.289520367280359237e-01 5.935490326956209817e-01 6.704389104902994667e-01 7.575668912702830937e-01 8.467758675885415087e-01 9.253010606916399761e-01 9.796352850317127103e-01 1.000000000000000222e+00 9.796041793276702991e-01 9.258971216194433751e-01 8.486993957067824335e-01 7.617537294947209769e-01 6.769424759510703771e-01 6.014155882335251446e-01 5.362525646350164710e-01 4.822476708156353542e-01 4.362679785602295301e-01 3.964953386948084080e-01 3.600162170117451876e-01 3.282626463893275059e-01 2.993575134431162854e-01 2.756524430393385572e-01 2.541424459100548039e-01 2.377397650960168807e-01 2.230411792100038537e-01 2.121083932901326463e-01 2.030945408482131564e-01 1.961802635064218703e-01 1.910100173165276416e-01 1.867912814095106788e-01 1.836896063875394502e-01 1.814663959157820083e-01 1.801928113629920059e-01 1.801439139103584997e-01 1.806022535443407018e-01 1.812355211329400029e-01 1.825201135735328439e-01 1.856911960338992196e-01 1.916523979672840883e-01 2.011353408198524317e-01 2.143501787761519228e-01 2.313341071723145903e-01 2.515331051693754372e-01 2.738559820614779872e-01 2.993996458834409236e-01 3.280161522100175642e-01 3.587111937185739063e-01 3.935947060652671969e-01 5.660556813632848794e-01 6.071827155135817167e-01 6.510674542057811598e-01 6.989895018796350445e-01 7.507891435282958437e-01 8.041706603624719785e-01 8.555711273336406020e-01 8.991126493480567916e-01 9.283532445338961159e-01 9.388246468156752345e-01 9.285706960549074962e-01 8.994336920584313777e-01 8.564997041526715149e-01 8.058257182650468975e-01 7.530302704700231331e-01 7.019273651433353134e-01 6.541412833803023075e-01 6.099047516811781922e-01 5.688088513283212633e-01 5.306216191566550666e-01 4.947014340045323699e-01 4.610397196177726253e-01 4.298792807878670796e-01 4.009497806850701451e-01 3.748569496684192037e-01 3.516562925692977015e-01 3.315594648686965296e-01 3.144885537912789353e-01 3.000097719189792067e-01 2.887621127260608378e-01 2.794852235527495177e-01 2.724489859555142002e-01 2.668994121646116047e-01 2.635844499706801458e-01 2.622174918761965290e-01 2.625208603787178019e-01 2.646539182831625370e-01 2.678398749997286665e-01 2.740175799315501814e-01 2.818884735784755735e-01 2.930524107081957652e-01 3.068950052604944578e-01 3.249773667133614152e-01 3.454949205972938087e-01 3.696567155628204815e-01 3.962502225262823918e-01 4.257227144271726882e-01 4.572877379402788822e-01 4.913588033134098643e-01 5.274342508610524449e-01
3.893358627699433638e-01 4.274947635611387464e-01 4.718987810444671416e-01 5.257869293597114968e-01 5.913488427937229064e-01 6.699350203975474871e-01 7.580558598375870538e-01 8.473057423473043803e-01 9.257108197387846626e-01 9.796041793276702991e-01 1.000000000000000000e+00 9.796942971294343439e-01 9.262133493241416771e-01 8.494994310028253226e-01 7.631283552273678827e-01 6.786747144215489191e-01 6.021115575157327537e-01 5.376278672805291370e-01 4.836648169305934331e-01 4.386275720220033647e-01 3.984274663267421968e-01 3.637724855697392901e-01 3.320015895858731692e-01 3.048704935458340648e-01 2.796412743842295323e-01 2.594358007165099567e-01 2.410031557438754579e-01 2.268324486311744936e-01 2.150321501986095785e-01 2.058313013952261517e-01 1.987726346530698240e-01 1.930859763137863228e-01 1.886759960352508148e-01 1.854242388416514620e-01 1.832472502235438783e-01 1.824978341472517085e-01 1.820502533990585869e-01 1.815763832997869531e-01 1.815325791057795790e-01 1.830777694554799884e-01 1.868141535735497183e-01 1.938088179191782834e-01 2.037491062545558340e-01 2.171362894386939801e-01 2.334794172263791601e-01 2.519822904075624259e-01 2.736237504910696838e-01 2.984043540849084519e-01 3.253697449040844347e-01 3.562677171391406827e-01 5.255541642416534653e-01 5.639874862189814264e-01 6.047243168930557244e-01 6.491010147296816246e-01 6.977509123459971763e-01 7.497840053709019514e-01 8.036838948090732071e-01 8.552322659682604078e-01 8.985742824101107251e-01 9.280185888354924861e-01 9.385607381855914921e-01 9.283813445115599583e-01 8.994873070392467307e-01 8.566152574740939496e-01 8.061568463067024792e-01 7.535901225083645461e-01 7.027459370008697359e-01 6.551930928741139804e-01 6.114216814153189405e-01 5.710708509071217298e-01 5.332960122366496858e-01 4.978292019239509703e-01 4.645892597215228181e-01 4.332833129251136839e-01 4.042401706046193643e-01 3.779285033994603249e-01 3.546643273211963487e-01 3.344551932242855741e-01 3.170286631812012090e-01 3.030606355587296963e-01 2.912246853144210279e-01 2.818679969484348402e-01 2.741967256261642061e-01 2.688211217126582064e-01 2.654962802744614270e-01 2.638450877080101842e-01 2.639391836926560653e-01 2.650697045141023334e-01 2.689505259094792655e-01 2.742222698370648803e-01 2.826714544790276951e-01 2.935378727537841792e-01 3.083011366721870594e-01 3.254754892378631803e-01 3.461977748666192345e-01 3.694582299220544042e-01 3.957764276312545904e-01 4.244028494139642227e-01 4.558835998198557671e-01 4.893320586140816886e-01
3.521118927135025167e-01 3.857766443635629594e-01 4.240632315427268484e-01 4.696679076064128600e-01 5.246033928439634009e-01 5.918835770609853775e-01 6.713447495628253048e-01 7.594105738633568636e-01 8.483330283282117801e-01 9.258971216194433751e-01 9.796942971294343439e-01 1.000000000000000000e+00 9.797507443864870158e-01 9.265643510349391709e-01 8.503016241310097367e-01 7.642240310904473422e-01 6.788129211770067561e-01 6.030159637360854585e-01 5.386675655574075794e-01 4.858239965059034104e-01 4.401614621873993216e-01 4.017294264710065121e-01 3.668385506571619215e-01 3.363732192645058627e-01 3.076136773111437517e-01 2.835965223454348649e-01 2.612679726978139327e-01 2.434955290493014957e-01 2.285824250125934320e-01 2.166679376674698898e-01 2.074192111751202439e-01 2.000588622418177087e-01 1.941926172280543095e-01 1.899394570904622825e-01 1.869292058857484895e-01 1.854977395861178990e-01 1.842380224276790601e-01 1.829341287762571711e-01 1.818446059511239499e-01 1.820945149239389660e-01 1.839991950280064625e-01 1.888037467112410606e-01 1.959431231681921792e-01 2.061054336514836771e-01 2.188721533343404302e-01 2.337759879048841860e-01 2.515651024673985492e-01 2.724542008782419589e-01 2.957218807933282290e-01 3.229270440176364443e-01 4.874827974711384293e-01 5.235868121224583893e-01 5.618619622628031607e-01 6.031891233995327894e-01 6.484232904796741748e-01 6.973370502374390822e-01 7.498656616906500538e-01 8.037447936533302917e-01 8.549821423373382689e-01 8.984684150115676005e-01 9.278534327874237153e-01 9.384140891158783138e-01 9.283083195479601146e-01 8.992979032099519543e-01 8.565823994013009868e-01 8.062109746092644968e-01 7.539857741752208353e-01 7.033225566519560878e-01 6.563258271261326326e-01 6.132185078593731520e-01 5.732095698545068840e-01 5.358876536606979046e-01 5.007026359773109059e-01 4.672518776433377541e-01 4.355214955676184885e-01 4.062397157534782810e-01 3.798303715044051287e-01 3.564144742461972659e-01 3.359227226167129654e-01 3.190685985882054099e-01 3.045308430649882880e-01 2.927471219606215258e-01 2.829187382220739733e-01 2.754497101282255556e-01 2.701692399140689926e-01 2.665900758258719638e-01 2.647274107070371474e-01 2.639750824969733234e-01 2.657542755262662371e-01 2.686685742853714420e-01 2.746797322691503229e-01 2.828140597026896907e-01 2.944492843018306494e-01 3.084436238936764108e-01 3.257900935332429526e-01 3.456991865652016549e-01 3.687189637019199218e-01 3.942301433423858192e-01 4.229063818918956108e-01 4.536205493492828089e-01
3.183620006892722287e-01 3.485129027302200644e-01 3.825837267024973509e-01 4.224445783680050304e-01 4.691909760498482740e-01 5.258840604322080337e-01 5.938518157460113134e-01 6.732268291458405329e-01 7.608588512862808351e-01 8.486993957067824335e-01 9.262133493241416771e-01 9.797507443864870158e-01 1.000000000000000000e+00 9.798604234665000412e-01 9.268868524549563892e-01 8.507704363784133195e-01 7.638007472448620216e-01 6.791876082347908516e-01 6.035903091720429270e-01 5.404388128257014978e-01 4.869579277004593698e-01 4.429311387994725457e-01 4.042042274188823447e-01 3.703421337319651174e-01 3.382955522226963607e-01 3.106391270947177485e-01 2.844812863855801788e-01 2.629365345443999691e-01 2.444663144803647103e-01 2.293666009231696834e-01 2.172606155647480164e-01 2.076974158297907325e-01 1.999659525613488587e-01 1.945633977359699229e-01 1.907097571022887961e-01 1.887997271606056682e-01 1.870518801680937093e-01 1.854384694747450157e-01 1.837541450886447103e-01 1.830850864813878265e-01 1.834930076159197454e-01 1.862239184177491291e-01 1.905958976183537712e-01 1.975819833801007175e-01 2.066954386567272650e-01 2.180991688549287766e-01 2.321968292527240574e-01 2.493627650568402687e-01 2.689960142522817566e-01 2.925429412822237452e-01 4.513546320696470993e-01 4.852579524671153943e-01 5.215053227588642981e-01 5.604487090972315455e-01 6.026991123980174336e-01 6.482190964070513317e-01 6.975274434660256873e-01 7.499079976633327149e-01 8.034329863978021402e-01 8.547834288446278794e-01 8.981609502607995621e-01 9.275554942973430750e-01 9.380650382480397731e-01 9.277174114830154528e-01 8.987838567820268798e-01 8.560804254328806540e-01 8.061009594581179938e-01 7.540417800941956461e-01 7.039765253530011480e-01 6.576197607568431414e-01 6.148142280517002733e-01 5.752827057591921589e-01 5.381832321790580576e-01 5.027629657720233958e-01 4.687260297339587711e-01 4.367962178310663690e-01 4.073967706378029963e-01 3.808487922829423833e-01 3.572156321440803084e-01 3.372869177277513786e-01 3.197713135108737892e-01 3.053064321909894629e-01 2.931174552063983696e-01 2.834489145525458387e-01 2.761821518664945296e-01 2.707849101077103859e-01 2.671268501126393136e-01 2.647185512172590682e-01 2.646683989082321276e-01 2.654515201111146694e-01 2.691827556264980159e-01 2.746525667262143533e-01 2.832418881170313263e-01 2.940589966594942539e-01 3.079883443119775244e-01 3.245477357130480689e-01 3.442003644635577841e-01 3.664537744923451190e-01 3.921632766884292631e-01 4.199933639822014952e-01
2.891680453166124432e-01 3.161269416153015821e-01 3.468604409083981266e-01 3.826031156618173168e-01 4.235324870221590099e-01 4.718564783819835795e-01 5.288950407776172868e-01 5.967090899332428977e-01 6.754812452445780879e-01 7.617537294947209769e-01 8.494994310028253226e-01 9.265643510349391709e-01 9.798604234665000412e-01 9.999999999999997780e-01 9.798941679876747024e-01 9.270302075109053686e-01 8.502040887926926027e-01 7.640211886149427256e-01 6.797683901427737929e-01 6.053114625555467976e-01 5.414675630611179846e-01 4.892748547880929055e-01 4.449861251187181566e-01 4.068895316059472078e-01 3.715071690357438783e-01 3.404343104120804431e-01 3.108433235937374528e-01 2.857404531823493077e-01 2.638283528109640064e-01 2.455523693164679833e-01 2.302416388735679664e-01 2.181171739594720549e-01 2.081442842495664636e-01 2.011725409910931073e-01 1.961112086076352290e-01 1.933487987707686317e-01 1.908635257270308860e-01 1.888368510041936454e-01 1.866163597758830894e-01 1.852485762782722367e-01 1.844992285108224550e-01 1.855433177908897835e-01 1.875991712722725469e-01 1.917463418106079287e-01 1.976227937308666638e-01 2.059013179011920935e-01 2.166567146686163570e-01 2.303947491682292736e-01 2.466632272608339782e-01 2.666354777715073121e-01 4.190332952842663050e-01 4.505707098605674643e-01 4.848577650396315164e-01 5.217053524613762816e-01 5.615110920364838609e-01 6.040286885492565094e-01 6.497305141742774071e-01 6.987614542683801000e-01 7.506973159173401244e-01 8.042553523449357256e-01 8.554354862881894395e-01 8.987517339981014874e-01 9.279757097835946711e-01 9.381042797484380191e-01 9.277555625010083240e-01 8.987624872800251685e-01 8.564423027244419950e-01 8.066449817920289256e-01 7.551400151077837242e-01 7.056963828812425898e-01 6.595040428630568607e-01 6.171021503796282337e-01 5.776903913382210876e-01 5.402272678225787939e-01 5.041472458516943478e-01 4.699096571347659568e-01 4.378943913990397396e-01 4.085564670004783738e-01 3.820155288857162157e-01 3.590749029462881325e-01 3.385343608458625808e-01 3.211969330050190585e-01 3.064456659263857241e-01 2.943500427428535904e-01 2.848937231996168662e-01 2.775417637426470518e-01 2.720331317382070346e-01 2.679281509809852690e-01 2.661425600360388666e-01 2.649959931997408202e-01 2.666534580687816014e-01 2.697093302019457073e-01 2.755001988871750296e-01 2.833432956254537394e-01 2.940326227322374586e-01 3.073607019882919622e-01 3.237548947020453260e-01 3.428314929063568384e-01 3.655129588006671981e-01 3.903682088670583084e-01
2.646884093986725528e-01 2.883092096586058473e-01 3.157879656789174261e-01 3.480006343136979874e-01 3.846109672508235544e-01 4.268304702452112021e-01 4.753465952424272278e-01 5.324320902778214570e-01 5.996163012039470441e-01 6.769424759510703771e-01 7.631283552273678827e-01 8.503016241310097367e-01 9.268868524549563892e-01 9.798941679876747024e-01 1.000000000000000000e+00 9.799911742243189172e-01 9.266831714577158374e-01 8.505351462596620893e-01 7.647833098078868908e-01 6.814151905673098142e-01 6.062286200517429391e-01 5.432791129180323253e-01 4.908777429618779720e-01 4.469904106362845297e-01 4.076149508782984099e-01 3.731582631974645348e-01 3.404871551563011245e-01 3.120582759755612390e-01 2.866253038422125754e-01 2.648778295745469746e-01 2.459178676126283769e-01 2.306414352912975751e-01 2.180970627095370207e-01 2.091710297227903914e-01 2.026308376720460380e-01 1.988076899177403101e-01 1.955657157709025928e-01 1.931272782382173203e-01 1.905776181359807864e-01 1.887500643386100518e-01 1.872115972269063899e-01 1.869434174818113970e-01 1.871612960966267947e-01 1.890125762245817298e-01 1.920394328413745633e-01 1.974535217839246126e-01 2.051756040558430083e-01 2.157324556402676896e-01 2.288701820321555058e-01 2.454465326305056427e-01 3.905115452486233041e-01 4.193581081463838567e-01 4.513421454433380609e-01 4.860023462184803744e-01 5.235660180266830110e-01 5.635713391773150560e-01 6.060873655188828701e-01 6.515064599640351117e-01 7.000732884586492455e-01 7.520393949919939036e-01 8.054163631251657351e-01 8.564472224348244067e-01 8.994844811161744058e-01 9.282225211560477529e-01 9.383142153602405111e-01 9.278625694633475529e-01 8.992644772107543094e-01 8.571757118991846225e-01 8.078860855035135957e-01 7.569561697795839095e-01 7.075335990100644068e-01 6.616849581364746546e-01 6.193612603512126391e-01 5.795163230861538617e-01 5.414599435582184705e-01 5.052467520118731903e-01 4.709579036337149249e-01 4.391545290182200523e-01 4.098334285475031535e-01 3.838751700383324361e-01 3.601933738905299109e-01 3.398111589091202811e-01 3.223280288689278072e-01 3.076504232438836417e-01 2.958742528171903752e-01 2.864767098802773471e-01 2.791205919642639199e-01 2.733840022284240168e-01 2.700051948709892291e-01 2.671585057068677771e-01 2.669397272113698816e-01 2.678092100453089430e-01 2.710837596845811492e-01 2.762245717225406683e-01 2.838617094780007677e-01 2.940980843322642535e-01 3.073314539630154774e-01 3.232780213973942551e-01 3.429201722873701508e-01 3.647509342559576151e-01
2.445444394351304618e-01 2.647544889475786367e-01 2.888938367777220129e-01 3.176703309172939638e-01 3.506776180198531434e-01 3.883635510317607897e-01 4.306842490294748860e-01 4.793141110858741283e-01 5.356974245607295515e-01 6.014155882335251446e-01 6.786747144215489191e-01 7.642240310904473422e-01 8.507704363784133195e-01 9.270302075109053686e-01 9.799911742243189172e-01 1.000000000000000000e+00 9.797136398539815216e-01 9.267583999811617179e-01 8.509946351695814037e-01 7.658241028799182004e-01 6.816781460917532565e-01 6.069542491875548063e-01 5.439116611762708775e-01 4.917908444943094870e-01 4.468398530362677756e-01 4.084154638513690094e-01 3.727201783122043866e-01 3.412889300200302456e-01 3.126716125318056982e-01 2.875803526929885945e-01 2.650213098161163239e-01 2.463668094587816992e-01 2.310281112098145351e-01 2.197410547266661074e-01 2.112560789951175022e-01 2.059028367007419702e-01 2.015347594498289874e-01 1.984080802265127674e-01 1.953534114820221768e-01 1.929917091374677707e-01 1.906896306882604475e-01 1.892905318517937030e-01 1.879313231788388994e-01 1.879512598061341411e-01 1.887699068086811649e-01 1.918080045888942431e-01 1.969643701934984392e-01 2.047689076088805848e-01 2.151324515366160040e-01 2.285394039356335172e-01 3.656848199461164017e-01 3.916219906857459354e-01 4.209664909466991900e-01 4.531242757856766556e-01 4.883695270589669679e-01 5.260579450778296584e-01 5.659479793790278546e-01 6.082602513823245349e-01 6.532175662618688872e-01 7.018228051380203114e-01 7.536104758612210963e-01 8.067765934065262989e-01 8.574928971988925452e-01 8.999442552953254015e-01 9.286026701294908259e-01 9.384899505082774374e-01 9.283173468142155160e-01 8.998998980654184798e-01 8.581609868116502060e-01 8.093204293131532889e-01 7.582592890645238892e-01 7.090941791440338315e-01 6.632564314237251457e-01 6.204082075841422794e-01 5.800733978753801479e-01 5.419255315788393812e-01 5.056788423748547201e-01 4.718345482439003091e-01 4.401112976318655723e-01 4.114205842099152299e-01 3.847792493345741360e-01 3.614225514071850442e-01 3.411482386238383624e-01 3.237609098002144359e-01 3.095037448739919039e-01 2.978859677205639156e-01 2.885311052525186271e-01 2.810048114609285386e-01 2.759511156315605507e-01 2.713841695580114233e-01 2.693002699232005526e-01 2.681052231797210195e-01 2.690629246441785805e-01 2.716891425147884842e-01 2.766044647538675738e-01 2.840439204672552953e-01 2.943696405940574579e-01 3.073846931696911366e-01 3.240616466966091402e-01 3.429066149528082197e-01
