1.000000000000000222e+00 9.298673265758927720e-01 8.363241843982671675e-01 7.055857565781584739e-01 5.591797009742608404e-01 4.140462734697930580e-01 2.820980205817197328e-01 1.696654596587377772e-01 7.908999585619132244e-02 9.830889594332870018e-03 -4.019567425207628414e-02 -7.385397839711944912e-02 -9.419235041062999636e-02 -1.041458550394674804e-01 -1.062965791356810935e-01 -1.028762597761499198e-01 -9.576395389160595462e-02 -8.646178997849965353e-02 -7.618214866655331763e-02 -6.586299063951950306e-02 -5.621525081687723385e-02 -4.776049266274193933e-02 -4.086867590371944664e-02 -3.579071595348500695e-02 -3.268612145238483646e-02 -3.164189877147106922e-02 -3.268612145238479483e-02 -3.579071595348530532e-02 -4.086867590371980746e-02 -4.776049266274178667e-02 -5.621525081687728936e-02 -6.586299063951907284e-02 -7.618214866655316497e-02 -8.646178997849998660e-02 -9.576395389160538563e-02 -1.028762597761497671e-01 -1.062965791356812462e-01 -1.041458550394675359e-01 -9.419235041063038494e-02 -7.385397839712026791e-02 -4.019567425207838662e-02 9.830889594330089257e-03 7.908999585618725625e-02 1.696654596587327812e-01 2.820980205817151254e-01 4.140462734697869518e-01 5.591797009742550673e-01 7.055857565781542551e-01 8.363241843982628376e-01 9.298673265758904405e-01 0.000000000000000000e+00 0.000000000000000000e+00 0.000000000000000000e+00 0.000000000000000000e+00 0.000000000000000000e+00 0.000000000000000000e+00 0.000000000000000000e+00 0.000000000000000000e+00 0.000000000000000000e+00 0.000000000000000000e+00 0.000000000000000000e+00 0.000000000000000000e+00 0.000000000000000000e+00 0.000000000000000000e+00 0.000000000000000000e+00 0.000000000000000000e+00 0.000000000000000000e+00 0.000000000000000000e+00 0.000000000000000000e+00 0.000000000000000000e+00 0.000000000000000000e+00 0.000000000000000000e+00 0.000000000000000000e+00 0.000000000000000000e+00 0.000000000000000000e+00 0.000000000000000000e+00 0.000000000000000000e+00 0.000000000000000000e+00 0.000000000000000000e+00 0.000000000000000000e+00 0.000000000000000000e+00 0.000000000000000000e+00 0.000000000000000000e+00 0.000000000000000000e+00 0.000000000000000000e+00 0.000000000000000000e+00 0.000000000000000000e+00 0.000000000000000000e+00 0.000000000000000000e+00 0.000000000000000000e+00 0.000000000000000000e+00 0.000000000000000000e+00 0.000000000000000000e+00 0.000000000000000000e+00 0.000000000000000000e+00 0.000000000000000000e+00 0.000000000000000000e+00 0.000000000000000000e+00 0.000000000000000000e+00 0.000000000000000000e+00
9.298673265758927720e-01 1.000000000000000000e+00 9.299177653846467662e-01 8.364093178767572079e-01 7.059639666768099397e-01 5.594317681453097046e-01 4.143111863974546227e-01 2.822504496676724872e-01 1.697867091239982362e-01 7.913376180140933858e-02 9.836819433833594167e-03 -4.022445018557416901e-02 -7.391350296400463205e-02 -9.430033108828560218e-02 -1.042733378466686733e-01 -1.064263186422079177e-01 -1.030097018629630712e-01 -9.587513721272455935e-02 -8.655037453207298226e-02 -7.624748836243298855e-02 -6.590895369949341387e-02 -5.624613859228060064e-02 -4.778044248329160748e-02 -4.088080887202413805e-02 -3.579772852744511624e-02 -3.268915580478414656e-02 -3.164197897668009213e-02 -3.268282264721828617e-02 -3.578346475510113534e-02 -4.085541285643683879e-02 -4.773862611739262268e-02 -5.618105165928085482e-02 -6.581220791384054247e-02 -7.611040822490558466e-02 -8.636813859084167821e-02 -9.564663559561717432e-02 -1.027574326564815455e-01 -1.061730000110540917e-01 -1.040329757282100753e-01 -9.412330622734391139e-02 -7.380812259467407765e-02 -4.017530721756127493e-02 9.827055412104292870e-03 7.904631139081813584e-02 1.695998417989471319e-01 2.819497177683591427e-01 4.138860353209882770e-01 5.588766203734406579e-01 7.055064193751989787e-01 8.362650072031779791e-01 0.000000000000000000e+00 0.000000000000000000e+00 0.000000000000000000e+00 0.000000000000000000e+00 0.000000000000000000e+00 0.000000000000000000e+00 0.000000000000000000e+00 0.000000000000000000e+00 0.000000000000000000e+00 0.000000000000000000e+00 0.000000000000000000e+00 0.000000000000000000e+00 0.000000000000000000e+00 0.000000000000000000e+00 0.000000000000000000e+00 0.000000000000000000e+00 0.000000000000000000e+00 0.000000000000000000e+00 0.000000000000000000e+00 0.000000000000000000e+00 0.000000000000000000e+00 0.000000000000000000e+00 0.000000000000000000e+00 0.000000000000000000e+00 0.000000000000000000e+00 0.000000000000000000e+00 0.000000000000000000e+00 0.000000000000000000e+00 0.000000000000000000e+00 0.000000000000000000e+00 0.000000000000000000e+00 0.000000000000000000e+00 0.000000000000000000e+00 0.000000000000000000e+00 0.000000000000000000e+00 0.000000000000000000e+00 0.000000000000000000e+00 0.000000000000000000e+00 0.000000000000000000e+00 0.000000000000000000e+00 0.000000000000000000e+00 0.000000000000000000e+00 0.000000000000000000e+00 0.000000000000000000e+00 0.000000000000000000e+00 0.000000000000000000e+00 0.000000000000000000e+00 0.000000000000000000e+00 0.000000000000000000e+00 0.000000000000000000e+00
8.363241843982671675e-01 9.299177653846467662e-01 1.000000000000000222e+00 9.300028606256561803e-01 8.368228436878542009e-01 7.063143520029336875e-01 5.598559083966943017e-01 4.146148130340179261e-01 2.825168724897885730e-01 1.699209360379331790e-01 7.919966251556126435e-02 9.845349296834424863e-03 -4.026280756152873092e-02 -7.400735633186007745e-02 -9.442644520525766971e-02 -1.044122511606772608e-01 -1.065765794199491356e-01 -1.031415849566497400e-01 -9.598523864489104385e-02 -8.663565774376408291e-02 -7.631067552967231438e-02 -6.595396299677712404e-02 -5.627725950932832566e-02 -4.780119101090810063e-02 -4.089449543696071360e-02 -3.580606435097286738e-02 -3.269384423941459200e-02 -3.164325985257776530e-02 -3.268082773658751577e-02 -3.577690920734327706e-02 -4.084245239609565065e-02 -4.771623211976836615e-02 -5.614543545925742424e-02 -6.575903865163053308e-02 -7.603779518556563755e-02 -8.627295390459015223e-02 -9.554721725449050185e-02 -1.026491384770484433e-01 -1.060689964819050424e-01 -1.039677679620985701e-01 -9.407580195854643723e-02 -7.378075811435522158e-02 -4.016510138864667900e-02 9.823457946210345168e-03 7.903026424326464738e-02 1.695394068361422424e-01 2.818807637886852624e-01 4.137018773009037975e-01 5.588619811844088847e-01 7.055064193751974244e-01 0.000000000000000000e+00 0.000000000000000000e+00 0.000000000000000000e+00 0.000000000000000000e+00 0.000000000000000000e+00 0.000000000000000000e+00 0.000000000000000000e+00 0.000000000000000000e+00 0.000000000000000000e+00 0.000000000000000000e+00 0.000000000000000000e+00 0.000000000000000000e+00 0.000000000000000000e+00 0.000000000000000000e+00 0.000000000000000000e+00 0.000000000000000000e+00 0.000000000000000000e+00 0.000000000000000000e+00 0.000000000000000000e+00 0.000000000000000000e+00 0.000000000000000000e+00 0.000000000000000000e+00 0.000000000000000000e+00 0.000000000000000000e+00 0.000000000000000000e+00 0.000000000000000000e+00 0.000000000000000000e+00 0.000000000000000000e+00 0.000000000000000000e+00 0.000000000000000000e+00 0.000000000000000000e+00 0.000000000000000000e+00 0.000000000000000000e+00 0.000000000000000000e+00 0.000000000000000000e+00 0.000000000000000000e+00 0.000000000000000000e+00 0.000000000000000000e+00 0.000000000000000000e+00 0.000000000000000000e+00 0.000000000000000000e+00 0.000000000000000000e+00 0.000000000000000000e+00 0.000000000000000000e+00 0.000000000000000000e+00 0.000000000000000000e+00 0.000000000000000000e+00 0.000000000000000000e+00 0.000000000000000000e+00 0.000000000000000000e+00
7.055857565781584739e-01 8.364093178767572079e-01 9.300028606256561803e-01 1.000000000000000000e+00 9.303027749110661659e-01 8.371366577278984700e-01 7.068125716288948812e-01 5.602943123607093678e-01 4.150559117033789103e-01 2.827856190069794051e-01 1.700887795280909276e-01 7.927927966799684645e-02 9.855262470341933853e-03 -4.031573479053411624e-02 -7.410797058004137128e-02 -9.455339519674271775e-02 -1.045607017114837806e-01 -1.067142313248970742e-01 -1.032614677678033721e-01 -9.608141448537110829e-02 -8.670911021355767745e-02 -7.636441999948190285e-02 -6.599200414607706011e-02 -5.630312983813388905e-02 -4.781850081760723181e-02 -4.090520591344928153e-02 -3.581229599637365119e-02 -3.269621187656134714e-02 -3.164237295465012478e-02 -3.267594457424339432e-02 -3.576678243194629514e-02 -4.082468387596013826e-02 -4.768756536828937243e-02 -5.610183258162330933e-02 -6.569814158485413891e-02 -7.595574971480550941e-02 -8.618468431494859250e-02 -9.544735932808956491e-02 -1.025487655425709327e-01 -1.060023142480025077e-01 -1.039152971185106356e-01 -9.404179906087327401e-02 -7.376392910298848471e-02 -4.015137959570518750e-02 9.822069285773176936e-03 7.900652740512040251e-02 1.695060747697726411e-01 2.817629624301257740e-01 4.137018773009046857e-01 5.588766203734413240e-01 0.000000000000000000e+00 0.000000000000000000e+00 0.000000000000000000e+00 0.000000000000000000e+00 0.000000000000000000e+00 0.000000000000000000e+00 0.000000000000000000e+00 0.000000000000000000e+00 0.000000000000000000e+00 0.000000000000000000e+00 0.000000000000000000e+00 0.000000000000000000e+00 0.000000000000000000e+00 0.000000000000000000e+00 0.000000000000000000e+00 0.000000000000000000e+00 0.000000000000000000e+00 0.000000000000000000e+00 0.000000000000000000e+00 0.000000000000000000e+00 0.000000000000000000e+00 0.000000000000000000e+00 0.000000000000000000e+00 0.000000000000000000e+00 0.000000000000000000e+00 0.000000000000000000e+00 0.000000000000000000e+00 0.000000000000000000e+00 0.000000000000000000e+00 0.000000000000000000e+00 0.000000000000000000e+00 0.000000000000000000e+00 0.000000000000000000e+00 0.000000000000000000e+00 0.000000000000000000e+00 0.000000000000000000e+00 0.000000000000000000e+00 0.000000000000000000e+00 0.000000000000000000e+00 0.000000000000000000e+00 0.000000000000000000e+00 0.000000000000000000e+00 0.000000000000000000e+00 0.000000000000000000e+00 0.000000000000000000e+00 0.000000000000000000e+00 0.000000000000000000e+00 0.000000000000000000e+00 0.000000000000000000e+00 0.000000000000000000e+00
5.591797009742608404e-01 7.059639666768099397e-01 8.368228436878542009e-01 9.303027749110661659e-01 9.999999999999998890e-01 9.307317688326244287e-01 8.378544646714273236e-01 7.075792398929222626e-01 5.611278300682688291e-01 4.156680641539175491e-01 2.832233820403865510e-01 1.703533279244985876e-01 7.940110389103782751e-02 9.872618195041552025e-03 -4.038829208783394076e-02 -7.423881300061789534e-02 -9.472681250892378557e-02 -1.047385460047321609e-01 -1.068818726709479527e-01 -1.034071341102657249e-01 -9.620217070458160491e-02 -8.680568273293579051e-02 -7.643978972133703975e-02 -6.604947324588689161e-02 -5.634673877843877215e-02 -4.785081374862959480e-02 -4.092931841200719845e-02 -3.582982523466907154e-02 -3.270898553629666278e-02 -3.165094415905919667e-02 -3.268047810479459553e-02 -3.576635419457418336e-02 -4.081746509873478146e-02 -4.767075763083184620e-02 -5.607362580724829793e-02 -6.565491235648844570e-02 -7.590969838833068473e-02 -8.613005399952049224e-02 -9.539266039695167010e-02 -1.025252435976400922e-01 -1.059908498377893915e-01 -1.039191415414880276e-01 -9.405849702915924926e-02 -7.376940836472088703e-02 -4.016235658694462807e-02 9.823371925661133694e-03 7.902483944944044270e-02 1.695060747697707815e-01 2.818807637886846518e-01 4.138860353209872778e-01 0.000000000000000000e+00 0.000000000000000000e+00 0.000000000000000000e+00 0.000000000000000000e+00 0.000000000000000000e+00 0.000000000000000000e+00 0.000000000000000000e+00 0.000000000000000000e+00 0.000000000000000000e+00 0.000000000000000000e+00 0.000000000000000000e+00 0.000000000000000000e+00 0.000000000000000000e+00 0.000000000000000000e+00 0.000000000000000000e+00 0.000000000000000000e+00 0.000000000000000000e+00 0.000000000000000000e+00 0.000000000000000000e+00 0.000000000000000000e+00 0.000000000000000000e+00 0.000000000000000000e+00 0.000000000000000000e+00 0.000000000000000000e+00 0.000000000000000000e+00 0.000000000000000000e+00 0.000000000000000000e+00 0.000000000000000000e+00 0.000000000000000000e+00 0.000000000000000000e+00 0.000000000000000000e+00 0.000000000000000000e+00 0.000000000000000000e+00 0.000000000000000000e+00 0.000000000000000000e+00 0.000000000000000000e+00 0.000000000000000000e+00 0.000000000000000000e+00 0.000000000000000000e+00 0.000000000000000000e+00 0.000000000000000000e+00 0.000000000000000000e+00 0.000000000000000000e+00 0.000000000000000000e+00 0.000000000000000000e+00 0.000000000000000000e+00 0.000000000000000000e+00 0.000000000000000000e+00 0.000000000000000000e+00 0.000000000000000000e+00
4.140462734697930580e-01 5.594317681453097046e-01 7.063143520029336875e-01 8.371366577278984700e-01 9.307317688326244287e-01 9.999999999999998890e-01 9.311446930552746970e-01 8.384464055646057012e-01 7.084287276115058818e-01 5.618647431422357785e-01 4.162740478579152748e-01 2.836431490283969348e-01 1.705982394714461448e-01 7.953030053765321183e-02 9.888321610027147116e-03 -4.045077791194530425e-02 -7.435742692556632227e-02 -9.486479771799503913e-02 -1.048771149822629589e-01 -1.070059385445830125e-01 -1.035111389501464085e-01 -9.628510395777842290e-02 -8.686949664727237896e-02 -7.648713113778614348e-02 -6.608407467638581501e-02 -5.637075918029164218e-02 -4.786716163880768565e-02 -4.093928359066529438e-02 -3.583508185991562955e-02 -3.270993596416407051e-02 -3.164775224831358619e-02 -3.267232921816773383e-02 -3.575161181133675037e-02 -4.079353553931019255e-02 -4.763567823636002951e-02 -5.602363120090392279e-02 -6.559960982004901797e-02 -7.584335728030434931e-02 -8.605953582305671257e-02 -9.534677214413790625e-02 -1.024878809753424630e-01 -1.059674413595627640e-01 -1.039110692912497136e-01 -9.404201192860513203e-02 -7.377183296657152667e-02 -4.015802342003976094e-02 9.823371925659208151e-03 7.900652740511696082e-02 1.695394068361391060e-01 2.819497177683583655e-01 0.000000000000000000e+00 0.000000000000000000e+00 0.000000000000000000e+00 0.000000000000000000e+00 0.000000000000000000e+00 0.000000000000000000e+00 0.000000000000000000e+00 0.000000000000000000e+00 0.000000000000000000e+00 0.000000000000000000e+00 0.000000000000000000e+00 0.000000000000000000e+00 0.000000000000000000e+00 0.000000000000000000e+00 0.000000000000000000e+00 0.000000000000000000e+00 0.000000000000000000e+00 0.000000000000000000e+00 0.000000000000000000e+00 0.000000000000000000e+00 0.000000000000000000e+00 0.000000000000000000e+00 0.000000000000000000e+00 0.000000000000000000e+00 0.000000000000000000e+00 0.000000000000000000e+00 0.000000000000000000e+00 0.000000000000000000e+00 0.000000000000000000e+00 0.000000000000000000e+00 0.000000000000000000e+00 0.000000000000000000e+00 0.000000000000000000e+00 0.000000000000000000e+00 0.000000000000000000e+00 0.000000000000000000e+00 0.000000000000000000e+00 0.000000000000000000e+00 0.000000000000000000e+00 0.000000000000000000e+00 0.000000000000000000e+00 0.000000000000000000e+00 0.000000000000000000e+00 0.000000000000000000e+00 0.000000000000000000e+00 0.000000000000000000e+00 0.000000000000000000e+00 0.000000000000000000e+00 0.000000000000000000e+00 0.000000000000000000e+00
2.820980205817197328e-01 4.143111863974546227e-01 5.598559083966943017e-01 7.068125716288948812e-01 8.378544646714273236e-01 9.311446930552746970e-01 1.000000000000000000e+00 9.316272156622527056e-01 8.393322465458773474e-01 7.093757715139401565e-01 5.627709789006777319e-01 4.169876846474313004e-01 2.841214319097090102e-01 1.709130193193650615e-01 7.967207421604524664e-02 9.904963282568709018e-03 -4.052058868691232885e-02 -7.447443484136970215e-02 -9.500080344092709517e-02 -1.050100149069394528e-01 -1.071245689921214300e-01 -1.036106961979432473e-01 -9.636524154454520485e-02 -8.693157218440100698e-02 -7.653440372607429876e-02 -6.611844364286438569e-02 -5.639532554002504167e-02 -4.788336746284604234e-02 -4.094924459251086252e-02 -3.583965565434393125e-02 -3.270994200529882268e-02 -3.164314909290176503e-02 -3.266235990222848828e-02 -3.573459454829642362e-02 -4.076813513404472372e-02 -4.759870796615804645e-02 -5.598295964451054096e-02 -6.554987277396474854e-02 -7.578986107605557854e-02 -8.602757185896611758e-02 -9.532210746239230814e-02 -1.024757868283057705e-01 -1.059700283717665281e-01 -1.039035630078156552e-01 -9.405510378402914817e-02 -7.377183296657302547e-02 -4.016235658694777139e-02 9.822069285769754327e-03 7.903026424326187183e-02 1.695998417989456886e-01 0.000000000000000000e+00 0.000000000000000000e+00 0.000000000000000000e+00 0.000000000000000000e+00 0.000000000000000000e+00 0.000000000000000000e+00 0.000000000000000000e+00 0.000000000000000000e+00 0.000000000000000000e+00 0.000000000000000000e+00 0.000000000000000000e+00 0.000000000000000000e+00 0.000000000000000000e+00 0.000000000000000000e+00 0.000000000000000000e+00 0.000000000000000000e+00 0.000000000000000000e+00 0.000000000000000000e+00 0.000000000000000000e+00 0.000000000000000000e+00 0.000000000000000000e+00 0.000000000000000000e+00 0.000000000000000000e+00 0.000000000000000000e+00 0.000000000000000000e+00 0.000000000000000000e+00 0.000000000000000000e+00 0.000000000000000000e+00 0.000000000000000000e+00 0.000000000000000000e+00 0.000000000000000000e+00 0.000000000000000000e+00 0.000000000000000000e+00 0.000000000000000000e+00 0.000000000000000000e+00 0.000000000000000000e+00 0.000000000000000000e+00 0.000000000000000000e+00 0.000000000000000000e+00 0.000000000000000000e+00 0.000000000000000000e+00 0.000000000000000000e+00 0.000000000000000000e+00 0.000000000000000000e+00 0.000000000000000000e+00 0.000000000000000000e+00 0.000000000000000000e+00 0.000000000000000000e+00 0.000000000000000000e+00 0.000000000000000000e+00
1.696654596587377772e-01 2.822504496676724872e-01 4.146148130340179261e-01 5.602943123607093678e-01 7.075792398929222626e-01 8.384464055646057012e-01 9.316272156622527056e-01 1.000000000000000000e+00 9.321997275112023917e-01 8.401492887749137939e-01 7.103608203369893292e-01 5.636789438288827281e-01 4.176760820250024486e-01 2.846352746173785864e-01 1.712073634628800689e-01 7.979967221609512995e-02 9.920850837054328783e-03 -4.057926169972815578e-02 -7.457132939423716245e-02 -9.510815202125631751e-02 -1.051115830953595620e-01 -1.072120084323908290e-01 -1.036814434132409118e-01 -9.641936956626002975e-02 -8.697178328763838229e-02 -7.656216849345964803e-02 -6.613679921385771932e-02 -5.640549075419828973e-02 -4.788747123627674906e-02 -4.094807445868339085e-02 -3.583414058237430200e-02 -3.270023858680776857e-02 -3.162882073044595566e-02 -3.264211954561085233e-02 -3.570735628553906721e-02 -4.073096201480201628e-02 -4.755782703539990219e-02 -5.593316652986006499e-02 -6.549502927417454046e-02 -7.575160927573788838e-02 -8.599362543915048396e-02 -9.529765228555978074e-02 -1.024639300819340515e-01 -1.059474836680529275e-01 -1.039035630078167655e-01 -9.404201192860756064e-02 -7.376940836472400953e-02 -4.015137959570914961e-02 9.823457946207337158e-03 7.904631139081784441e-02 0.000000000000000000e+00 0.000000000000000000e+00 0.000000000000000000e+00 0.000000000000000000e+00 0.000000000000000000e+00 0.000000000000000000e+00 0.000000000000000000e+00 0.000000000000000000e+00 0.000000000000000000e+00 0.000000000000000000e+00 0.000000000000000000e+00 0.000000000000000000e+00 0.000000000000000000e+00 0.000000000000000000e+00 0.000000000000000000e+00 0.000000000000000000e+00 0.000000000000000000e+00 0.000000000000000000e+00 0.000000000000000000e+00 0.000000000000000000e+00 0.000000000000000000e+00 0.000000000000000000e+00 0.000000000000000000e+00 0.000000000000000000e+00 0.000000000000000000e+00 0.000000000000000000e+00 0.000000000000000000e+00 0.000000000000000000e+00 0.000000000000000000e+00 0.000000000000000000e+00 0.000000000000000000e+00 0.000000000000000000e+00 0.000000000000000000e+00 0.000000000000000000e+00 0.000000000000000000e+00 0.000000000000000000e+00 0.000000000000000000e+00 0.000000000000000000e+00 0.000000000000000000e+00 0.000000000000000000e+00 0.000000000000000000e+00 0.000000000000000000e+00 0.000000000000000000e+00 0.000000000000000000e+00 0.000000000000000000e+00 0.000000000000000000e+00 0.000000000000000000e+00 0.000000000000000000e+00 0.000000000000000000e+00 0.000000000000000000e+00
7.908999585619132244e-02 1.697867091239982362e-01 2.825168724897885730e-01 4.150559117033789103e-01 5.611278300682688291e-01 7.084287276115058818e-01 8.393322465458773474e-01 9.321997275112023917e-01 9.999999999999997780e-01 9.328494727114393648e-01 8.411692260516183683e-01 7.115092501891129295e-01 5.646916453267492031e-01 4.185188694784834351e-01 2.851912380302044636e-01 1.715205369414991021e-01 7.994529518362751552e-02 9.937299744446778660e-03 -4.064066421845104193e-02 -7.467139678322780305e-02 -9.522013050121685973e-02 -1.052191060223373748e-01 -1.073068897127727600e-01 -1.037601351944002631e-01 -9.648254978460739373e-02 -8.701974612865630287e-02 -7.659763628552856973e-02 -6.616085280289238368e-02 -5.642060797008127682e-02 -4.789482423679621015e-02 -4.094926692812992514e-02 -3.583013884457852960e-02 -3.269158151357669934e-02 -3.161529960676826706e-02 -3.262367191633994135e-02 -3.568202348238989907e-02 -4.070442316474593564e-02 -4.752558878455725305e-02 -5.589836492484354102e-02 -6.547608348449641957e-02 -7.573802960829516262e-02 -8.598999932655383704e-02 -9.530696376463199115e-02 -1.024639300819351201e-01 -1.059700283717683739e-01 -1.039110692912527806e-01 -9.405849702916367627e-02 -7.376392910299320316e-02 -4.016510138864966273e-02 9.827055412104344911e-03 0.000000000000000000e+00 0.000000000000000000e+00 0.000000000000000000e+00 0.000000000000000000e+00 0.000000000000000000e+00 0.000000000000000000e+00 0.000000000000000000e+00 0.000000000000000000e+00 0.000000000000000000e+00 0.000000000000000000e+00 0.000000000000000000e+00 0.000000000000000000e+00 0.000000000000000000e+00 0.000000000000000000e+00 0.000000000000000000e+00 0.000000000000000000e+00 0.000000000000000000e+00 0.000000000000000000e+00 0.000000000000000000e+00 0.000000000000000000e+00 0.000000000000000000e+00 0.000000000000000000e+00 0.000000000000000000e+00 0.000000000000000000e+00 0.000000000000000000e+00 0.000000000000000000e+00 0.000000000000000000e+00 0.000000000000000000e+00 0.000000000000000000e+00 0.000000000000000000e+00 0.000000000000000000e+00 0.000000000000000000e+00 0.000000000000000000e+00 0.000000000000000000e+00 0.000000000000000000e+00 0.000000000000000000e+00 0.000000000000000000e+00 0.000000000000000000e+00 0.000000000000000000e+00 0.000000000000000000e+00 0.000000000000000000e+00 0.000000000000000000e+00 0.000000000000000000e+00 0.000000000000000000e+00 0.000000000000000000e+00 0.000000000000000000e+00 0.000000000000000000e+00 0.000000000000000000e+00 0.000000000000000000e+00 0.000000000000000000e+00
9.830889594332870018e-03 7.913376180140933858e-02 1.699209360379331790e-01 2.827856190069794051e-01 4.156680641539175491e-01 5.618647431422357785e-01 7.093757715139401565e-01 8.401492887749137939e-01 9.328494727114393648e-01 1.000000000000000000e+00 9.334578189253308622e-01 8.421235969391870357e-01 7.125571526015210821e-01 5.657078834545157253e-01 4.192731381516359712e-01 2.856769128979038674e-01 1.718122099012679704e-01 8.006854526765920521e-02 9.951248159720505262e-03 -4.069090712261294596e-02 -7.475170740024762728e-02 -9.530786580765586435e-02 -1.053012974076832226e-01 -1.073767740974409801e-01 -1.038164827716547001e-01 -9.652449565060580716e-02 -8.704955559500476836e-02 -7.661599590842110841e-02 -6.617022490001311930e-02 -5.642206285831137536e-02 -4.789008546758936891e-02 -4.093948552497776727e-02 -3.581617208259266910e-02 -3.267362795855940222e-02 -3.159372635524158174e-02 -3.259687061554242260e-02 -3.565495754727631555e-02 -4.067266699362060561e-02 -4.749132480955991359e-02 -5.587676063628975454e-02 -6.545801724527042231e-02 -7.572748253268003771e-02 -8.598999932655511380e-02 -9.529765228556186241e-02 -1.024757868283090734e-01 -1.059674413595674963e-01 -1.039191415414932596e-01 -9.404179906087771490e-02 -7.378075811435913511e-02 -4.017530721756251005e-02 0.000000000000000000e+00 0.000000000000000000e+00 0.000000000000000000e+00 0.000000000000000000e+00 0.000000000000000000e+00 0.000000000000000000e+00 0.000000000000000000e+00 0.000000000000000000e+00 0.000000000000000000e+00 0.000000000000000000e+00 0.000000000000000000e+00 0.000000000000000000e+00 0.000000000000000000e+00 0.000000000000000000e+00 0.000000000000000000e+00 0.000000000000000000e+00 0.000000000000000000e+00 0.000000000000000000e+00 0.000000000000000000e+00 0.000000000000000000e+00 0.000000000000000000e+00 0.000000000000000000e+00 0.000000000000000000e+00 0.000000000000000000e+00 0.000000000000000000e+00 0.000000000000000000e+00 0.000000000000000000e+00 0.000000000000000000e+00 0.000000000000000000e+00 0.000000000000000000e+00 0.000000000000000000e+00 0.000000000000000000e+00 0.000000000000000000e+00 0.000000000000000000e+00 0.000000000000000000e+00 0.000000000000000000e+00 0.000000000000000000e+00 0.000000000000000000e+00 0.000000000000000000e+00 0.000000000000000000e+00 0.000000000000000000e+00 0.000000000000000000e+00 0.000000000000000000e+00 0.000000000000000000e+00 0.000000000000000000e+00 0.000000000000000000e+00 0.000000000000000000e+00 0.000000000000000000e+00 0.000000000000000000e+00 0.000000000000000000e+00
-4.019567425207628414e-02 9.836819433833594167e-03 7.919966251556126435e-02 1.700887795280909276e-01 2.832233820403865510e-01 4.162740478579152748e-01 5.627709789006777319e-01 7.103608203369893292e-01 8.411692260516183683e-01 9.334578189253308622e-01 1.000000000000000000e+00 9.340713817239376660e-01 8.430560282464766297e-01 7.136816898880811166e-01 5.666776826264998679e-01 4.199847312091384843e-01 2.861721466547396120e-01 1.720882834017036234e-01 8.018805411309540276e-02 9.964727636913240510e-03 -4.073977108634552202e-02 -7.483062918001152919e-02 -9.539542700390751806e-02 -1.053842830041952505e-01 -1.074494390203148131e-01 -1.038750380485842506e-01 -9.656958495029197009e-02 -8.708086551402881292e-02 -7.663574105166480466e-02 -6.617940266254354609e-02 -5.642273391555478745e-02 -4.788391256035206406e-02 -4.092804996418447638e-02 -3.580052989909791872e-02 -3.265511822921201429e-02 -3.157157456566789255e-02 -3.257623435012672181e-02 -3.563179181162690057e-02 -4.064882204307938146e-02 -4.747948689668941152e-02 -5.586909890685640839e-02 -6.545801724527125498e-02 -7.573802960829661979e-02 -8.599362543915324564e-02 -9.532210746239570820e-02 -1.024878809753468345e-01 -1.059908498377943875e-01 -1.039152971185151042e-01 -9.407580195854950422e-02 -7.380812259467502134e-02 0.000000000000000000e+00 0.000000000000000000e+00 0.000000000000000000e+00 0.000000000000000000e+00 0.000000000000000000e+00 0.000000000000000000e+00 0.000000000000000000e+00 0.000000000000000000e+00 0.000000000000000000e+00 0.000000000000000000e+00 0.000000000000000000e+00 0.000000000000000000e+00 0.000000000000000000e+00 0.000000000000000000e+00 0.000000000000000000e+00 0.000000000000000000e+00 0.000000000000000000e+00 0.000000000000000000e+00 0.000000000000000000e+00 0.000000000000000000e+00 0.000000000000000000e+00 0.000000000000000000e+00 0.000000000000000000e+00 0.000000000000000000e+00 0.000000000000000000e+00 0.000000000000000000e+00 0.000000000000000000e+00 0.000000000000000000e+00 0.000000000000000000e+00 0.000000000000000000e+00 0.000000000000000000e+00 0.000000000000000000e+00 0.000000000000000000e+00 0.000000000000000000e+00 0.000000000000000000e+00 0.000000000000000000e+00 0.000000000000000000e+00 0.000000000000000000e+00 0.000000000000000000e+00 0.000000000000000000e+00 0.000000000000000000e+00 0.000000000000000000e+00 0.000000000000000000e+00 0.000000000000000000e+00 0.000000000000000000e+00 0.000000000000000000e+00 0.000000000000000000e+00 0.000000000000000000e+00 0.000000000000000000e+00 0.000000000000000000e+00
-7.385397839711944912e-02 -4.022445018557416901e-02 9.845349296834424863e-03 7.927927966799684645e-02 1.703533279244985876e-01 2.836431490283969348e-01 4.169876846474313004e-01 5.636789438288827281e-01 7.115092501891129295e-01 8.421235969391870357e-01 9.340713817239376660e-01 1.000000000000000222e+00 9.346261730983633775e-01 8.440156458781369331e-01 7.147051895228799800e-01 5.675541293106834972e-01 4.206827181053007236e-01 2.866291441857682920e-01 1.723513476888039186e-01 8.030227502207316903e-02 9.977847451348090604e-03 -4.078776851644379947e-02 -7.490948591849788674e-02 -9.548402657936880256e-02 -1.054705250786271281e-01 -1.075250524943092839e-01 -1.039377029323108048e-01 -9.661705032575479413e-02 -8.711441073038596328e-02 -7.665583472066045401e-02 -6.618814725489283179e-02 -5.642211813018806199e-02 -4.787613795577819881e-02 -4.091497789629258697e-02 -3.578451711679991182e-02 -3.263621730474219884e-02 -3.155557603567116232e-02 -3.255931715408751093e-02 -3.561567569422001422e-02 -4.064421801873355916e-02 -4.747948689668926581e-02 -5.587676063628992107e-02 -6.547608348449784899e-02 -7.575160927574030312e-02 -8.602757185896986458e-02 -9.534677214414198632e-02 -1.025252435976444637e-01 -1.060023142480066155e-01 -1.039677679621019007e-01 -9.412330622734520202e-02 0.000000000000000000e+00 0.000000000000000000e+00 0.000000000000000000e+00 0.000000000000000000e+00 0.000000000000000000e+00 0.000000000000000000e+00 0.000000000000000000e+00 0.000000000000000000e+00 0.000000000000000000e+00 0.000000000000000000e+00 0.000000000000000000e+00 0.000000000000000000e+00 0.000000000000000000e+00 0.000000000000000000e+00 0.000000000000000000e+00 0.000000000000000000e+00 0.000000000000000000e+00 0.000000000000000000e+00 0.000000000000000000e+00 0.000000000000000000e+00 0.000000000000000000e+00 0.000000000000000000e+00 0.000000000000000000e+00 0.000000000000000000e+00 0.000000000000000000e+00 0.000000000000000000e+00 0.000000000000000000e+00 0.000000000000000000e+00 0.000000000000000000e+00 0.000000000000000000e+00 0.000000000000000000e+00 0.000000000000000000e+00 0.000000000000000000e+00 0.000000000000000000e+00 0.000000000000000000e+00 0.000000000000000000e+00 0.000000000000000000e+00 0.000000000000000000e+00 0.000000000000000000e+00 0.000000000000000000e+00 0.000000000000000000e+00 0.000000000000000000e+00 0.000000000000000000e+00 0.000000000000000000e+00 0.000000000000000000e+00 0.000000000000000000e+00 0.000000000000000000e+00 0.000000000000000000e+00 0.000000000000000000e+00 0.000000000000000000e+00
-9.419235041062999636e-02 -7.391350296400463205e-02 -4.026280756152873092e-02 9.855262470341933853e-03 7.940110389103782751e-02 1.705982394714461448e-01 2.841214319097090102e-01 4.176760820250024486e-01 5.646916453267492031e-01 7.125571526015210821e-01 8.430560282464766297e-01 9.346261730983633775e-01 1.000000000000000000e+00 9.351730149352588395e-01 8.448370937469223962e-01 7.155800739263198373e-01 5.683753878389581349e-01 4.213026865545304034e-01 2.870513596471517270e-01 1.725968109711238374e-01 8.041091312882804598e-02 9.990548676435595174e-03 -4.083475769461016036e-02 -7.498754326703935269e-02 -9.557367526398921620e-02 -1.055577178524549908e-01 -1.076030704966462886e-01 -1.040012342386533450e-01 -9.666549702169109637e-02 -8.714703877920344788e-02 -7.667429605839054529e-02 -6.619441776715458137e-02 -5.641879892243140127e-02 -4.786575818606007143e-02 -4.090089195535356881e-02 -3.576754745957066300e-02 -3.262317806194470204e-02 -3.154265784205241563e-02 -3.254824649126812630e-02 -3.561567569422059015e-02 -4.064882204307968677e-02 -4.749132480956046176e-02 -5.589836492484479002e-02 -6.549502927417709397e-02 -7.578986107605897860e-02 -8.605953582306086203e-02 -9.539266039695547261e-02 -1.025487655425749572e-01 -1.060689964819080677e-01 -1.040329757282111300e-01 0.000000000000000000e+00 0.000000000000000000e+00 0.000000000000000000e+00 0.000000000000000000e+00 0.000000000000000000e+00 0.000000000000000000e+00 0.000000000000000000e+00 0.000000000000000000e+00 0.000000000000000000e+00 0.000000000000000000e+00 0.000000000000000000e+00 0.000000000000000000e+00 0.000000000000000000e+00 0.000000000000000000e+00 0.000000000000000000e+00 0.000000000000000000e+00 0.000000000000000000e+00 0.000000000000000000e+00 0.000000000000000000e+00 0.000000000000000000e+00 0.000000000000000000e+00 0.000000000000000000e+00 0.000000000000000000e+00 0.000000000000000000e+00 0.000000000000000000e+00 0.000000000000000000e+00 0.000000000000000000e+00 0.000000000000000000e+00 0.000000000000000000e+00 0.000000000000000000e+00 0.000000000000000000e+00 0.000000000000000000e+00 0.000000000000000000e+00 0.000000000000000000e+00 0.000000000000000000e+00 0.000000000000000000e+00 0.000000000000000000e+00 0.000000000000000000e+00 0.000000000000000000e+00 0.000000000000000000e+00 0.000000000000000000e+00 0.000000000000000000e+00 0.000000000000000000e+00 0.000000000000000000e+00 0.000000000000000000e+00 0.000000000000000000e+00 0.000000000000000000e+00 0.000000000000000000e+00 0.000000000000000000e+00 0.000000000000000000e+00
-1.041458550394674804e-01 -9.430033108828560218e-02 -7.400735633186007745e-02 -4.031573479053411624e-02 9.872618195041552025e-03 7.953030053765321183e-02 1.709130193193650615e-01 2.846352746173785864e-01 4.185188694784834351e-01 5.657078834545157253e-01 7.136816898880811166e-01 8.440156458781369331e-01 9.351730149352588395e-01 9.999999999999998890e-01 9.357070570941999899e-01 8.456177279242609313e-01 7.164895967907676244e-01 5.691873215105983652e-01 4.219475747003704202e-01 2.875007160131430317e-01 1.728662031443174152e-01 8.053328691708300235e-02 1.000526399367166613e-02 -4.089049770960814095e-02 -7.508350736308054552e-02 -9.568617165498344290e-02 -1.056717239187618951e-01 -1.077070431047427029e-01 -1.040901289874663488e-01 -9.673556302015459685e-02 -8.719824024067303336e-02 -7.670786732788131834e-02 -6.621302917601221139e-02 -5.642562020076069551e-02 -4.786539015357789417e-02 -4.089525942728168550e-02 -3.576533320048972536e-02 -3.262087855490235222e-02 -3.154265784205193685e-02 -3.255931715408805910e-02 -3.563179181162733772e-02 -4.067266699362144522e-02 -4.752558878455837021e-02 -5.593316652986204257e-02 -6.554987277396737144e-02 -7.584335728030705548e-02 -8.613005399952303187e-02 -9.544735932809195189e-02 -1.026491384770506499e-01 -1.061730000110547717e-01 0.000000000000000000e+00 0.000000000000000000e+00 0.000000000000000000e+00 0.000000000000000000e+00 0.000000000000000000e+00 0.000000000000000000e+00 0.000000000000000000e+00 0.000000000000000000e+00 0.000000000000000000e+00 0.000000000000000000e+00 0.000000000000000000e+00 0.000000000000000000e+00 0.000000000000000000e+00 0.000000000000000000e+00 0.000000000000000000e+00 0.000000000000000000e+00 0.000000000000000000e+00 0.000000000000000000e+00 0.000000000000000000e+00 0.000000000000000000e+00 0.000000000000000000e+00 0.000000000000000000e+00 0.000000000000000000e+00 0.000000000000000000e+00 0.000000000000000000e+00 0.000000000000000000e+00 0.000000000000000000e+00 0.000000000000000000e+00 0.000000000000000000e+00 0.000000000000000000e+00 0.000000000000000000e+00 0.000000000000000000e+00 0.000000000000000000e+00 0.000000000000000000e+00 0.000000000000000000e+00 0.000000000000000000e+00 0.000000000000000000e+00 0.000000000000000000e+00 0.000000000000000000e+00 0.000000000000000000e+00 0.000000000000000000e+00 0.000000000000000000e+00 0.000000000000000000e+00 0.000000000000000000e+00 0.000000000000000000e+00 0.000000000000000000e+00 0.000000000000000000e+00 0.000000000000000000e+00 0.000000000000000000e+00 0.000000000000000000e+00
-1.062965791356810935e-01 -1.042733378466686733e-01 -9.442644520525766971e-02 -7.410797058004137128e-02 -4.038829208783394076e-02 9.888321610027147116e-03 7.967207421604524664e-02 1.712073634628800689e-01 2.851912380302044636e-01 4.192731381516359712e-01 5.666776826264998679e-01 7.147051895228799800e-01 8.448370937469223962e-01 9.357070570941999899e-01 1.000000000000000000e+00 9.361206816299777467e-01 8.463075646058983992e-01 7.172554492779895652e-01 5.699084829425600240e-01 4.225325260534570360e-01 2.879181915212021825e-01 1.731203619898257773e-01 8.065022992979332950e-02 1.001944966936435706e-02 -4.094480744713017983e-02 -7.517678615141716592e-02 -9.579664935667958625e-02 -1.057822075332419259e-01 -1.078078109579619775e-01 -1.041739360968471223e-01 -9.679999629165604580e-02 -8.724306269784357082e-02 -7.673509357377172879e-02 -6.622578345547881773e-02 -5.642915972879967296e-02 -4.786214065269962098e-02 -4.089559819785525824e-02 -3.576533320048980863e-02 -3.262317806194477143e-02 -3.155557603567111374e-02 -3.257623435012711732e-02 -3.565495754727703026e-02 -4.070442316474687239e-02 -4.755782703540105405e-02 -5.598295964451258794e-02 -6.559960982005115515e-02 -7.590969838833244721e-02 -8.618468431495063253e-02 -9.554721725449177860e-02 -1.027574326564817675e-01 0.000000000000000000e+00 0.000000000000000000e+00 0.000000000000000000e+00 0.000000000000000000e+00 0.000000000000000000e+00 0.000000000000000000e+00 0.000000000000000000e+00 0.000000000000000000e+00 0.000000000000000000e+00 0.000000000000000000e+00 0.000000000000000000e+00 0.000000000000000000e+00 0.000000000000000000e+00 0.000000000000000000e+00 0.000000000000000000e+00 0.000000000000000000e+00 0.000000000000000000e+00 0.000000000000000000e+00 0.000000000000000000e+00 0.000000000000000000e+00 0.000000000000000000e+00 0.000000000000000000e+00 0.000000000000000000e+00 0.000000000000000000e+00 0.000000000000000000e+00 0.000000000000000000e+00 0.000000000000000000e+00 0.000000000000000000e+00 0.000000000000000000e+00 0.000000000000000000e+00 0.000000000000000000e+00 0.000000000000000000e+00 0.000000000000000000e+00 0.000000000000000000e+00 0.000000000000000000e+00 0.000000000000000000e+00 0.000000000000000000e+00 0.000000000000000000e+00 0.000000000000000000e+00 0.000000000000000000e+00 0.000000000000000000e+00 0.000000000000000000e+00 0.000000000000000000e+00 0.000000000000000000e+00 0.000000000000000000e+00 0.000000000000000000e+00 0.000000000000000000e+00 0.000000000000000000e+00 0.000000000000000000e+00 0.000000000000000000e+00
