9.999999999999997780e-01 9.558067910560907876e-01 8.928215664207032054e-01 8.042702710577626091e-01 7.031007823843669069e-01 5.995738165696627986e-01 5.005929462766717242e-01 4.100268001768847537e-01 3.295003169223271744e-01 2.592126497831301890e-01 1.985766446377443539e-01 1.466457820645283294e-01 1.023687142859356219e-01 6.472603028996717911e-02 3.279457233480326944e-02 5.770602600142787572e-03 -1.702863479678472583e-02 -3.617353997824188788e-02 -5.213466627980202495e-02 -6.529582148245194340e-02 -7.596617828320560706e-02 -8.439072888138160478e-02 -9.075889399793127255e-02 -9.521131521354107841e-02 -9.784494892033865354e-02 -9.871659173484417793e-02 -9.784494892033913926e-02 -9.521131521354164740e-02 -9.075889399793284074e-02 -8.439072888138363093e-02 -7.596617828320867405e-02 -6.529582148245485773e-02 -5.213466627980577889e-02 -3.617353997824584999e-02 -1.702863479678988143e-02 5.770602600136143581e-03 3.279457233479671219e-02 6.472603028995944918e-02 1.023687142859263238e-01 1.466457820645180044e-01 1.985766446377325301e-01 2.592126497831177545e-01 3.295003169223142958e-01 4.100268001768727077e-01 5.005929462766612881e-01 5.995738165696514743e-01 7.031007823843568039e-01 8.042702710577551706e-01 8.928215664206965441e-01 9.558067910560869018e-01 0.000000000000000000e+00 0.000000000000000000e+00 0.000000000000000000e+00 0.000000000000000000e+00 0.000000000000000000e+00 0.000000000000000000e+00 0.000000000000000000e+00 0.000000000000000000e+00 0.000000000000000000e+00 0.000000000000000000e+00 0.000000000000000000e+00 0.000000000000000000e+00 0.000000000000000000e+00 0.000000000000000000e+00 0.000000000000000000e+00 0.000000000000000000e+00 0.000000000000000000e+00 0.000000000000000000e+00 0.000000000000000000e+00 0.000000000000000000e+00 0.000000000000000000e+00 0.000000000000000000e+00 0.000000000000000000e+00 0.000000000000000000e+00 0.000000000000000000e+00 0.000000000000000000e+00 0.000000000000000000e+00 0.000000000000000000e+00 0.000000000000000000e+00 0.000000000000000000e+00 0.000000000000000000e+00 0.000000000000000000e+00 0.000000000000000000e+00 0.000000000000000000e+00 0.000000000000000000e+00 0.000000000000000000e+00 0.000000000000000000e+00 0.000000000000000000e+00 0.000000000000000000e+00 0.000000000000000000e+00 0.000000000000000000e+00 0.000000000000000000e+00 0.000000000000000000e+00 0.000000000000000000e+00 0.000000000000000000e+00 0.000000000000000000e+00 0.000000000000000000e+00 0.000000000000000000e+00 0.000000000000000000e+00 0.000000000000000000e+00
9.558067910560907876e-01 1.000000000000000000e+00 9.558067910560907876e-01 8.928215664207012070e-01 8.042702710577618319e-01 7.031007823843666849e-01 5.995738165696609112e-01 5.005929462766739446e-01 4.100268001768858084e-01 3.295003169223273964e-01 2.592126497831310217e-01 1.985766446377448258e-01 1.466457820645292176e-01 1.023687142859365656e-01 6.472603028996823382e-02 3.279457233480417844e-02 5.770602600143144925e-03 -1.702863479678373357e-02 -3.617353997824091644e-02 -5.213466627980149759e-02 -6.529582148245123563e-02 -7.596617828320521848e-02 -8.439072888138111905e-02 -9.075889399793120316e-02 -9.521131521354021798e-02 -9.784494892033832047e-02 -9.871659173484376160e-02 -9.784494892033879232e-02 -9.521131521354157801e-02 -9.075889399793249379e-02 -8.439072888138297868e-02 -7.596617828320731403e-02 -6.529582148245455242e-02 -5.213466627980491847e-02 -3.617353997824519080e-02 -1.702863479678969755e-02 5.770602600137043035e-03 3.279457233479730893e-02 6.472603028995974062e-02 1.023687142859266985e-01 1.466457820645175603e-01 1.985766446377325023e-01 2.592126497831171439e-01 3.295003169223136297e-01 4.100268001768717641e-01 5.005929462766602889e-01 5.995738165696493649e-01 7.031007823843545834e-01 8.042702710577528391e-01 8.928215664206946567e-01 0.000000000000000000e+00 0.000000000000000000e+00 0.000000000000000000e+00 0.000000000000000000e+00 0.000000000000000000e+00 0.000000000000000000e+00 0.000000000000000000e+00 0.000000000000000000e+00 0.000000000000000000e+00 0.000000000000000000e+00 0.000000000000000000e+00 0.000000000000000000e+00 0.000000000000000000e+00 0.000000000000000000e+00 0.000000000000000000e+00 0.000000000000000000e+00 0.000000000000000000e+00 0.000000000000000000e+00 0.000000000000000000e+00 0.000000000000000000e+00 0.000000000000000000e+00 0.000000000000000000e+00 0.000000000000000000e+00 0.000000000000000000e+00 0.000000000000000000e+00 0.000000000000000000e+00 0.000000000000000000e+00 0.000000000000000000e+00 0.000000000000000000e+00 0.000000000000000000e+00 0.000000000000000000e+00 0.000000000000000000e+00 0.000000000000000000e+00 0.000000000000000000e+00 0.000000000000000000e+00 0.000000000000000000e+00 0.000000000000000000e+00 0.000000000000000000e+00 0.000000000000000000e+00 0.000000000000000000e+00 0.000000000000000000e+00 0.000000000000000000e+00 0.000000000000000000e+00 0.000000000000000000e+00 0.000000000000000000e+00 0.000000000000000000e+00 0.000000000000000000e+00 0.000000000000000000e+00 0.000000000000000000e+00 0.000000000000000000e+00
8.928215664207032054e-01 9.558067910560907876e-01 9.999999999999997780e-01 9.558067910560884561e-01 8.928215664207006519e-01 8.042702710577613878e-01 7.031007823843639093e-01 5.995738165696616884e-01 5.005929462766723903e-01 4.100268001768840320e-01 3.295003169223266193e-01 2.592126497831291343e-01 1.985766446377429939e-01 1.466457820645277743e-01 1.023687142859343174e-01 6.472603028996656849e-02 3.279457233480310291e-02 5.770602600142432821e-03 -1.702863479678448297e-02 -3.617353997824120787e-02 -5.213466627980099799e-02 -6.529582148245086093e-02 -7.596617828320481602e-02 -8.439072888138100803e-02 -9.075889399793007906e-02 -9.521131521353981553e-02 -9.784494892033786251e-02 -9.871659173484319261e-02 -9.784494892033829272e-02 -9.521131521354087024e-02 -9.075889399793202195e-02 -8.439072888138277051e-02 -7.596617828320770260e-02 -6.529582148245437201e-02 -5.213466627980540419e-02 -3.617353997824572509e-02 -1.702863479678955530e-02 5.770602600136964105e-03 3.279457233479620565e-02 6.472603028995846386e-02 1.023687142859249916e-01 1.466457820645162002e-01 1.985766446377300321e-01 2.592126497831154786e-01 3.295003169223117978e-01 4.100268001768697657e-01 5.005929462766564031e-01 5.995738165696470334e-01 7.031007823843521409e-01 8.042702710577509517e-01 0.000000000000000000e+00 0.000000000000000000e+00 0.000000000000000000e+00 0.000000000000000000e+00 0.000000000000000000e+00 0.000000000000000000e+00 0.000000000000000000e+00 0.000000000000000000e+00 0.000000000000000000e+00 0.000000000000000000e+00 0.000000000000000000e+00 0.000000000000000000e+00 0.000000000000000000e+00 0.000000000000000000e+00 0.000000000000000000e+00 0.000000000000000000e+00 0.000000000000000000e+00 0.000000000000000000e+00 0.000000000000000000e+00 0.000000000000000000e+00 0.000000000000000000e+00 0.000000000000000000e+00 0.000000000000000000e+00 0.000000000000000000e+00 0.000000000000000000e+00 0.000000000000000000e+00 0.000000000000000000e+00 0.000000000000000000e+00 0.000000000000000000e+00 0.000000000000000000e+00 0.000000000000000000e+00 0.000000000000000000e+00 0.000000000000000000e+00 0.000000000000000000e+00 0.000000000000000000e+00 0.000000000000000000e+00 0.000000000000000000e+00 0.000000000000000000e+00 0.000000000000000000e+00 0.000000000000000000e+00 0.000000000000000000e+00 0.000000000000000000e+00 0.000000000000000000e+00 0.000000000000000000e+00 0.000000000000000000e+00 0.000000000000000000e+00 0.000000000000000000e+00 0.000000000000000000e+00 0.000000000000000000e+00 0.000000000000000000e+00
8.042702710577626091e-01 8.928215664207012070e-01 9.558067910560884561e-01 9.999999999999997780e-01 9.558067910560894553e-01 8.928215664207009850e-01 8.042702710577597225e-01 7.031007823843651305e-01 5.995738165696622435e-01 5.005929462766730564e-01 4.100268001768854753e-01 3.295003169223273964e-01 2.592126497831297449e-01 1.985766446377441596e-01 1.466457820645278576e-01 1.023687142859354554e-01 6.472603028996733177e-02 3.279457233480382455e-02 5.770602600143307122e-03 -1.702863479678400765e-02 -3.617353997824038908e-02 -5.213466627980140045e-02 -6.529582148245073603e-02 -7.596617828320510746e-02 -8.439072888138085538e-02 -9.075889399793062029e-02 -9.521131521354041227e-02 -9.784494892033807067e-02 -9.871659173484390037e-02 -9.784494892033891722e-02 -9.521131521354186944e-02 -9.075889399793277135e-02 -8.439072888138415829e-02 -7.596617828320895160e-02 -6.529582148245587081e-02 -5.213466627980738871e-02 -3.617353997824733491e-02 -1.702863479679200820e-02 5.770602600134502533e-03 3.279457233479358969e-02 6.472603028995534136e-02 1.023687142859219107e-01 1.466457820645132304e-01 1.985766446377276451e-01 2.592126497831133136e-01 3.295003169223104100e-01 4.100268001768676007e-01 5.005929462766571802e-01 5.995738165696485877e-01 7.031007823843549165e-01 0.000000000000000000e+00 0.000000000000000000e+00 0.000000000000000000e+00 0.000000000000000000e+00 0.000000000000000000e+00 0.000000000000000000e+00 0.000000000000000000e+00 0.000000000000000000e+00 0.000000000000000000e+00 0.000000000000000000e+00 0.000000000000000000e+00 0.000000000000000000e+00 0.000000000000000000e+00 0.000000000000000000e+00 0.000000000000000000e+00 0.000000000000000000e+00 0.000000000000000000e+00 0.000000000000000000e+00 0.000000000000000000e+00 0.000000000000000000e+00 0.000000000000000000e+00 0.000000000000000000e+00 0.000000000000000000e+00 0.000000000000000000e+00 0.000000000000000000e+00 0.000000000000000000e+00 0.000000000000000000e+00 0.000000000000000000e+00 0.000000000000000000e+00 0.000000000000000000e+00 0.000000000000000000e+00 0.000000000000000000e+00 0.000000000000000000e+00 0.000000000000000000e+00 0.000000000000000000e+00 0.000000000000000000e+00 0.000000000000000000e+00 0.000000000000000000e+00 0.000000000000000000e+00 0.000000000000000000e+00 0.000000000000000000e+00 0.000000000000000000e+00 0.000000000000000000e+00 0.000000000000000000e+00 0.000000000000000000e+00 0.000000000000000000e+00 0.000000000000000000e+00 0.000000000000000000e+00 0.000000000000000000e+00 0.000000000000000000e+00
7.031007823843669069e-01 8.042702710577618319e-01 8.928215664207006519e-01 9.558067910560894553e-01 9.999999999999997780e-01 9.558067910560896774e-01 8.928215664206980984e-01 8.042702710577606107e-01 7.031007823843655746e-01 5.995738165696615773e-01 5.005929462766730564e-01 4.100268001768848092e-01 3.295003169223275075e-01 2.592126497831301335e-01 1.985766446377433547e-01 1.466457820645277466e-01 1.023687142859352889e-01 6.472603028996704033e-02 3.279457233480362333e-02 5.770602600143142323e-03 -1.702863479678387235e-02 -3.617353997824102746e-02 -5.213466627980160861e-02 -6.529582148245162421e-02 -7.596617828320563481e-02 -8.439072888138150763e-02 -9.075889399793155010e-02 -9.521131521354071758e-02 -9.784494892033888946e-02 -9.871659173484427507e-02 -9.784494892033936131e-02 -9.521131521354210536e-02 -9.075889399793303502e-02 -8.439072888138433870e-02 -7.596617828320913202e-02 -6.529582148245594020e-02 -5.213466627980703483e-02 -3.617353997824771655e-02 -1.702863479679195269e-02 5.770602600134374163e-03 3.279457233479316641e-02 6.472603028995579932e-02 1.023687142859221744e-01 1.466457820645130361e-01 1.985766446377282557e-01 2.592126497831134802e-01 3.295003169223089112e-01 4.100268001768681003e-01 5.005929462766584015e-01 5.995738165696501420e-01 0.000000000000000000e+00 0.000000000000000000e+00 0.000000000000000000e+00 0.000000000000000000e+00 0.000000000000000000e+00 0.000000000000000000e+00 0.000000000000000000e+00 0.000000000000000000e+00 0.000000000000000000e+00 0.000000000000000000e+00 0.000000000000000000e+00 0.000000000000000000e+00 0.000000000000000000e+00 0.000000000000000000e+00 0.000000000000000000e+00 0.000000000000000000e+00 0.000000000000000000e+00 0.000000000000000000e+00 0.000000000000000000e+00 0.000000000000000000e+00 0.000000000000000000e+00 0.000000000000000000e+00 0.000000000000000000e+00 0.000000000000000000e+00 0.000000000000000000e+00 0.000000000000000000e+00 0.000000000000000000e+00 0.000000000000000000e+00 0.000000000000000000e+00 0.000000000000000000e+00 0.000000000000000000e+00 0.000000000000000000e+00 0.000000000000000000e+00 0.000000000000000000e+00 0.000000000000000000e+00 0.000000000000000000e+00 0.000000000000000000e+00 0.000000000000000000e+00 0.000000000000000000e+00 0.000000000000000000e+00 0.000000000000000000e+00 0.000000000000000000e+00 0.000000000000000000e+00 0.000000000000000000e+00 0.000000000000000000e+00 0.000000000000000000e+00 0.000000000000000000e+00 0.000000000000000000e+00 0.000000000000000000e+00 0.000000000000000000e+00
5.995738165696627986e-01 7.031007823843666849e-01 8.042702710577613878e-01 8.928215664207009850e-01 9.558067910560896774e-01 1.000000000000000000e+00 9.558067910560867908e-01 8.928215664207006519e-01 8.042702710577612768e-01 7.031007823843650195e-01 5.995738165696629096e-01 5.005929462766731675e-01 4.100268001768846426e-01 3.295003169223273964e-01 2.592126497831290788e-01 1.985766446377434657e-01 1.466457820645283849e-01 1.023687142859353028e-01 6.472603028996806729e-02 3.279457233480437273e-02 5.770602600143907336e-03 -1.702863479678333111e-02 -3.617353997824039602e-02 -5.213466627980145596e-02 -6.529582148245115236e-02 -7.596617828320560706e-02 -8.439072888138175743e-02 -9.075889399793128642e-02 -9.521131521354114779e-02 -9.784494892033905600e-02 -9.871659173484502448e-02 -9.784494892033965274e-02 -9.521131521354252170e-02 -9.075889399793379830e-02 -8.439072888138507422e-02 -7.596617828321029775e-02 -6.529582148245709206e-02 -5.213466627980869322e-02 -3.617353997824886147e-02 -1.702863479679329189e-02 5.770602600131903050e-03 3.279457233479173006e-02 6.472603028995349561e-02 1.023687142859201898e-01 1.466457820645118426e-01 1.985766446377267569e-01 2.592126497831117038e-01 3.295003169223097439e-01 4.100268001768699322e-01 5.005929462766602889e-01 0.000000000000000000e+00 0.000000000000000000e+00 0.000000000000000000e+00 0.000000000000000000e+00 0.000000000000000000e+00 0.000000000000000000e+00 0.000000000000000000e+00 0.000000000000000000e+00 0.000000000000000000e+00 0.000000000000000000e+00 0.000000000000000000e+00 0.000000000000000000e+00 0.000000000000000000e+00 0.000000000000000000e+00 0.000000000000000000e+00 0.000000000000000000e+00 0.000000000000000000e+00 0.000000000000000000e+00 0.000000000000000000e+00 0.000000000000000000e+00 0.000000000000000000e+00 0.000000000000000000e+00 0.000000000000000000e+00 0.000000000000000000e+00 0.000000000000000000e+00 0.000000000000000000e+00 0.000000000000000000e+00 0.000000000000000000e+00 0.000000000000000000e+00 0.000000000000000000e+00 0.000000000000000000e+00 0.000000000000000000e+00 0.000000000000000000e+00 0.000000000000000000e+00 0.000000000000000000e+00 0.000000000000000000e+00 0.000000000000000000e+00 0.000000000000000000e+00 0.000000000000000000e+00 0.000000000000000000e+00 0.000000000000000000e+00 0.000000000000000000e+00 0.000000000000000000e+00 0.000000000000000000e+00 0.000000000000000000e+00 0.000000000000000000e+00 0.000000000000000000e+00 0.000000000000000000e+00 0.000000000000000000e+00 0.000000000000000000e+00
5.005929462766717242e-01 5.995738165696609112e-01 7.031007823843639093e-01 8.042702710577597225e-01 8.928215664206980984e-01 9.558067910560867908e-01 1.000000000000000000e+00 9.558067910560914537e-01 8.928215664207017621e-01 8.042702710577617209e-01 7.031007823843649085e-01 5.995738165696610222e-01 5.005929462766712801e-01 4.100268001768839765e-01 3.295003169223241768e-01 2.592126497831281351e-01 1.985766446377423833e-01 1.466457820645266363e-01 1.023687142859351501e-01 6.472603028996717911e-02 3.279457233480360945e-02 5.770602600142776296e-03 -1.702863479678408051e-02 -3.617353997824138134e-02 -5.213466627980195556e-02 -6.529582148245184625e-02 -7.596617828320617605e-02 -8.439072888138211825e-02 -9.075889399793193868e-02 -9.521131521354157801e-02 -9.784494892033934743e-02 -9.871659173484514938e-02 -9.784494892033983315e-02 -9.521131521354303517e-02 -9.075889399793422851e-02 -8.439072888138547668e-02 -7.596617828321056143e-02 -6.529582148245767492e-02 -5.213466627980882506e-02 -3.617353997824970802e-02 -1.702863479679458253e-02 5.770602600131469369e-03 3.279457233479030065e-02 6.472603028995285723e-02 1.023687142859200511e-01 1.466457820645118149e-01 1.985766446377264793e-01 2.592126497831130916e-01 3.295003169223124084e-01 4.100268001768723747e-01 0.000000000000000000e+00 0.000000000000000000e+00 0.000000000000000000e+00 0.000000000000000000e+00 0.000000000000000000e+00 0.000000000000000000e+00 0.000000000000000000e+00 0.000000000000000000e+00 0.000000000000000000e+00 0.000000000000000000e+00 0.000000000000000000e+00 0.000000000000000000e+00 0.000000000000000000e+00 0.000000000000000000e+00 0.000000000000000000e+00 0.000000000000000000e+00 0.000000000000000000e+00 0.000000000000000000e+00 0.000000000000000000e+00 0.000000000000000000e+00 0.000000000000000000e+00 0.000000000000000000e+00 0.000000000000000000e+00 0.000000000000000000e+00 0.000000000000000000e+00 0.000000000000000000e+00 0.000000000000000000e+00 0.000000000000000000e+00 0.000000000000000000e+00 0.000000000000000000e+00 0.000000000000000000e+00 0.000000000000000000e+00 0.000000000000000000e+00 0.000000000000000000e+00 0.000000000000000000e+00 0.000000000000000000e+00 0.000000000000000000e+00 0.000000000000000000e+00 0.000000000000000000e+00 0.000000000000000000e+00 0.000000000000000000e+00 0.000000000000000000e+00 0.000000000000000000e+00 0.000000000000000000e+00 0.000000000000000000e+00 0.000000000000000000e+00 0.000000000000000000e+00 0.000000000000000000e+00 0.000000000000000000e+00 0.000000000000000000e+00
4.100268001768847537e-01 5.005929462766739446e-01 5.995738165696616884e-01 7.031007823843651305e-01 8.042702710577606107e-01 8.928215664207006519e-01 9.558067910560914537e-01 9.999999999999997780e-01 9.558067910560886782e-01 8.928215664207006519e-01 8.042702710577622760e-01 7.031007823843661297e-01 5.995738165696608002e-01 5.005929462766727234e-01 4.100268001768827553e-01 3.295003169223257311e-01 2.592126497831289123e-01 1.985766446377423000e-01 1.466457820645274135e-01 1.023687142859354554e-01 6.472603028996727625e-02 3.279457233480330414e-02 5.770602600142681754e-03 -1.702863479678461134e-02 -3.617353997824213074e-02 -5.213466627980273271e-02 -6.529582148245283157e-02 -7.596617828320703647e-02 -8.439072888138320072e-02 -9.075889399793292400e-02 -9.521131521354281313e-02 -9.784494892034084623e-02 -9.871659173484613470e-02 -9.784494892034094338e-02 -9.521131521354415927e-02 -9.075889399793550527e-02 -8.439072888138685058e-02 -7.596617828321215737e-02 -6.529582148245915985e-02 -5.213466627981087897e-02 -3.617353997825123457e-02 -1.702863479679549846e-02 5.770602600130043426e-03 3.279457233478970390e-02 6.472603028995228824e-02 1.023687142859197874e-01 1.466457820645118981e-01 1.985766446377286443e-01 2.592126497831171439e-01 3.295003169223171824e-01 0.000000000000000000e+00 0.000000000000000000e+00 0.000000000000000000e+00 0.000000000000000000e+00 0.000000000000000000e+00 0.000000000000000000e+00 0.000000000000000000e+00 0.000000000000000000e+00 0.000000000000000000e+00 0.000000000000000000e+00 0.000000000000000000e+00 0.000000000000000000e+00 0.000000000000000000e+00 0.000000000000000000e+00 0.000000000000000000e+00 0.000000000000000000e+00 0.000000000000000000e+00 0.000000000000000000e+00 0.000000000000000000e+00 0.000000000000000000e+00 0.000000000000000000e+00 0.000000000000000000e+00 0.000000000000000000e+00 0.000000000000000000e+00 0.000000000000000000e+00 0.000000000000000000e+00 0.000000000000000000e+00 0.000000000000000000e+00 0.000000000000000000e+00 0.000000000000000000e+00 0.000000000000000000e+00 0.000000000000000000e+00 0.000000000000000000e+00 0.000000000000000000e+00 0.000000000000000000e+00 0.000000000000000000e+00 0.000000000000000000e+00 0.000000000000000000e+00 0.000000000000000000e+00 0.000000000000000000e+00 0.000000000000000000e+00 0.000000000000000000e+00 0.000000000000000000e+00 0.000000000000000000e+00 0.000000000000000000e+00 0.000000000000000000e+00 0.000000000000000000e+00 0.000000000000000000e+00 0.000000000000000000e+00 0.000000000000000000e+00
3.295003169223271744e-01 4.100268001768858084e-01 5.005929462766723903e-01 5.995738165696622435e-01 7.031007823843655746e-01 8.042702710577612768e-01 8.928215664207017621e-01 9.558067910560886782e-01 1.000000000000000222e+00 9.558067910560910097e-01 8.928215664207033164e-01 8.042702710577631642e-01 7.031007823843655746e-01 5.995738165696624655e-01 5.005929462766711691e-01 4.100268001768830328e-01 3.295003169223254536e-01 2.592126497831272469e-01 1.985766446377422723e-01 1.466457820645260812e-01 1.023687142859337207e-01 6.472603028996581909e-02 3.279457233480242984e-02 5.770602600140902795e-03 -1.702863479678643974e-02 -3.617353997824360873e-02 -5.213466627980439805e-02 -6.529582148245459405e-02 -7.596617828320859078e-02 -8.439072888138446360e-02 -9.075889399793406198e-02 -9.521131521354343763e-02 -9.784494892034106828e-02 -9.871659173484685634e-02 -9.784494892034184543e-02 -9.521131521354501970e-02 -9.075889399793567180e-02 -8.439072888138750284e-02 -7.596617828321233779e-02 -6.529582148245968720e-02 -5.213466627981065693e-02 -3.617353997825108192e-02 -1.702863479679556091e-02 5.770602600130936809e-03 3.279457233479089046e-02 6.472603028995413399e-02 1.023687142859217303e-01 1.466457820645149790e-01 1.985766446377331684e-01 2.592126497831224730e-01 0.000000000000000000e+00 0.000000000000000000e+00 0.000000000000000000e+00 0.000000000000000000e+00 0.000000000000000000e+00 0.000000000000000000e+00 0.000000000000000000e+00 0.000000000000000000e+00 0.000000000000000000e+00 0.000000000000000000e+00 0.000000000000000000e+00 0.000000000000000000e+00 0.000000000000000000e+00 0.000000000000000000e+00 0.000000000000000000e+00 0.000000000000000000e+00 0.000000000000000000e+00 0.000000000000000000e+00 0.000000000000000000e+00 0.000000000000000000e+00 0.000000000000000000e+00 0.000000000000000000e+00 0.000000000000000000e+00 0.000000000000000000e+00 0.000000000000000000e+00 0.000000000000000000e+00 0.000000000000000000e+00 0.000000000000000000e+00 0.000000000000000000e+00 0.000000000000000000e+00 0.000000000000000000e+00 0.000000000000000000e+00 0.000000000000000000e+00 0.000000000000000000e+00 0.000000000000000000e+00 0.000000000000000000e+00 0.000000000000000000e+00 0.000000000000000000e+00 0.000000000000000000e+00 0.000000000000000000e+00 0.000000000000000000e+00 0.000000000000000000e+00 0.000000000000000000e+00 0.000000000000000000e+00 0.000000000000000000e+00 0.000000000000000000e+00 0.000000000000000000e+00 0.000000000000000000e+00 0.000000000000000000e+00 0.000000000000000000e+00
2.592126497831301890e-01 3.295003169223273964e-01 4.100268001768840320e-01 5.005929462766730564e-01 5.995738165696615773e-01 7.031007823843650195e-01 8.042702710577617209e-01 8.928215664207006519e-01 9.558067910560910097e-01 1.000000000000000000e+00 9.558067910560892333e-01 8.928215664207010960e-01 8.042702710577595004e-01 7.031007823843647975e-01 5.995738165696579136e-01 5.005929462766697258e-01 4.100268001768819781e-01 3.295003169223238992e-01 2.592126497831272469e-01 1.985766446377417449e-01 1.466457820645266086e-01 1.023687142859337623e-01 6.472603028996547214e-02 3.279457233480240902e-02 5.770602600140741466e-03 -1.702863479678657158e-02 -3.617353997824388628e-02 -5.213466627980467560e-02 -6.529582148245470508e-02 -7.596617828320896548e-02 -8.439072888138482442e-02 -9.075889399793458934e-02 -9.521131521354354865e-02 -9.784494892034178992e-02 -9.871659173484710614e-02 -9.784494892034242830e-02 -9.521131521354574134e-02 -9.075889399793687917e-02 -8.439072888138789141e-02 -7.596617828321312882e-02 -6.529582148245999251e-02 -5.213466627981137164e-02 -3.617353997825201173e-02 -1.702863479679571010e-02 5.770602600130494454e-03 3.279457233479112638e-02 6.472603028995461971e-02 1.023687142859236038e-01 1.466457820645182542e-01 1.985766446377365824e-01 0.000000000000000000e+00 0.000000000000000000e+00 0.000000000000000000e+00 0.000000000000000000e+00 0.000000000000000000e+00 0.000000000000000000e+00 0.000000000000000000e+00 0.000000000000000000e+00 0.000000000000000000e+00 0.000000000000000000e+00 0.000000000000000000e+00 0.000000000000000000e+00 0.000000000000000000e+00 0.000000000000000000e+00 0.000000000000000000e+00 0.000000000000000000e+00 0.000000000000000000e+00 0.000000000000000000e+00 0.000000000000000000e+00 0.000000000000000000e+00 0.000000000000000000e+00 0.000000000000000000e+00 0.000000000000000000e+00 0.000000000000000000e+00 0.000000000000000000e+00 0.000000000000000000e+00 0.000000000000000000e+00 0.000000000000000000e+00 0.000000000000000000e+00 0.000000000000000000e+00 0.000000000000000000e+00 0.000000000000000000e+00 0.000000000000000000e+00 0.000000000000000000e+00 0.000000000000000000e+00 0.000000000000000000e+00 0.000000000000000000e+00 0.000000000000000000e+00 0.000000000000000000e+00 0.000000000000000000e+00 0.000000000000000000e+00 0.000000000000000000e+00 0.000000000000000000e+00 0.000000000000000000e+00 0.000000000000000000e+00 0.000000000000000000e+00 0.000000000000000000e+00 0.000000000000000000e+00 0.000000000000000000e+00 0.000000000000000000e+00
1.985766446377443539e-01 2.592126497831310217e-01 3.295003169223266193e-01 4.100268001768854753e-01 5.005929462766730564e-01 5.995738165696629096e-01 7.031007823843649085e-01 8.042702710577622760e-01 8.928215664207033164e-01 9.558067910560892333e-01 1.000000000000000222e+00 9.558067910560895664e-01 8.928215664206999858e-01 8.042702710577614988e-01 7.031007823843625770e-01 5.995738165696598010e-01 5.005929462766706139e-01 4.100268001768813120e-01 3.295003169223238992e-01 2.592126497831275245e-01 1.985766446377409955e-01 1.466457820645256371e-01 1.023687142859333044e-01 6.472603028996508356e-02 3.279457233480108369e-02 5.770602600140214977e-03 -1.702863479678724118e-02 -3.617353997824478834e-02 -5.213466627980566093e-02 -6.529582148245537121e-02 -7.596617828320925692e-02 -8.439072888138558770e-02 -9.075889399793424239e-02 -9.521131521354438132e-02 -9.784494892034144298e-02 -9.871659173484738370e-02 -9.784494892034248381e-02 -9.521131521354539440e-02 -9.075889399793678203e-02 -8.439072888138769712e-02 -7.596617828321278187e-02 -6.529582148245963169e-02 -5.213466627981084428e-02 -3.617353997825123457e-02 -1.702863479679474212e-02 5.770602600131909121e-03 3.279457233479263906e-02 6.472603028995692342e-02 1.023687142859270593e-01 1.466457820645223342e-01 0.000000000000000000e+00 0.000000000000000000e+00 0.000000000000000000e+00 0.000000000000000000e+00 0.000000000000000000e+00 0.000000000000000000e+00 0.000000000000000000e+00 0.000000000000000000e+00 0.000000000000000000e+00 0.000000000000000000e+00 0.000000000000000000e+00 0.000000000000000000e+00 0.000000000000000000e+00 0.000000000000000000e+00 0.000000000000000000e+00 0.000000000000000000e+00 0.000000000000000000e+00 0.000000000000000000e+00 0.000000000000000000e+00 0.000000000000000000e+00 0.000000000000000000e+00 0.000000000000000000e+00 0.000000000000000000e+00 0.000000000000000000e+00 0.000000000000000000e+00 0.000000000000000000e+00 0.000000000000000000e+00 0.000000000000000000e+00 0.000000000000000000e+00 0.000000000000000000e+00 0.000000000000000000e+00 0.000000000000000000e+00 0.000000000000000000e+00 0.000000000000000000e+00 0.000000000000000000e+00 0.000000000000000000e+00 0.000000000000000000e+00 0.000000000000000000e+00 0.000000000000000000e+00 0.000000000000000000e+00 0.000000000000000000e+00 0.000000000000000000e+00 0.000000000000000000e+00 0.000000000000000000e+00 0.000000000000000000e+00 0.000000000000000000e+00 0.000000000000000000e+00 0.000000000000000000e+00 0.000000000000000000e+00 0.000000000000000000e+00
1.466457820645283294e-01 1.985766446377448258e-01 2.592126497831291343e-01 3.295003169223273964e-01 4.100268001768848092e-01 5.005929462766731675e-01 5.995738165696610222e-01 7.031007823843661297e-01 8.042702710577631642e-01 8.928215664207010960e-01 9.558067910560895664e-01 1.000000000000000222e+00 9.558067910560883451e-01 8.928215664207020952e-01 8.042702710577588343e-01 7.031007823843636872e-01 5.995738165696599120e-01 5.005929462766697258e-01 4.100268001768818671e-01 3.295003169223242878e-01 2.592126497831265808e-01 1.985766446377413286e-01 1.466457820645255539e-01 1.023687142859328880e-01 6.472603028996459784e-02 3.279457233480080613e-02 5.770602600139689356e-03 -1.702863479678798364e-02 -3.617353997824525325e-02 -5.213466627980573032e-02 -6.529582148245541284e-02 -7.596617828320963162e-02 -8.439072888138472728e-02 -9.075889399793483914e-02 -9.521131521354418703e-02 -9.784494892034167890e-02 -9.871659173484766125e-02 -9.784494892034266422e-02 -9.521131521354551930e-02 -9.075889399793658774e-02 -8.439072888138748896e-02 -7.596617828321279575e-02 -6.529582148245964557e-02 -5.213466627981062224e-02 -3.617353997825038803e-02 -1.702863479679370129e-02 5.770602600133160724e-03 3.279457233479445705e-02 6.472603028995968510e-02 1.023687142859303345e-01 0.000000000000000000e+00 0.000000000000000000e+00 0.000000000000000000e+00 0.000000000000000000e+00 0.000000000000000000e+00 0.000000000000000000e+00 0.000000000000000000e+00 0.000000000000000000e+00 0.000000000000000000e+00 0.000000000000000000e+00 0.000000000000000000e+00 0.000000000000000000e+00 0.000000000000000000e+00 0.000000000000000000e+00 0.000000000000000000e+00 0.000000000000000000e+00 0.000000000000000000e+00 0.000000000000000000e+00 0.000000000000000000e+00 0.000000000000000000e+00 0.000000000000000000e+00 0.000000000000000000e+00 0.000000000000000000e+00 0.000000000000000000e+00 0.000000000000000000e+00 0.000000000000000000e+00 0.000000000000000000e+00 0.000000000000000000e+00 0.000000000000000000e+00 0.000000000000000000e+00 0.000000000000000000e+00 0.000000000000000000e+00 0.000000000000000000e+00 0.000000000000000000e+00 0.000000000000000000e+00 0.000000000000000000e+00 0.000000000000000000e+00 0.000000000000000000e+00 0.000000000000000000e+00 0.000000000000000000e+00 0.000000000000000000e+00 0.000000000000000000e+00 0.000000000000000000e+00 0.000000000000000000e+00 0.000000000000000000e+00 0.000000000000000000e+00 0.000000000000000000e+00 0.000000000000000000e+00 0.000000000000000000e+00 0.000000000000000000e+00
1.023687142859356219e-01 1.466457820645292176e-01 1.985766446377429939e-01 2.592126497831297449e-01 3.295003169223275075e-01 4.100268001768846426e-01 5.005929462766712801e-01 5.995738165696608002e-01 7.031007823843655746e-01 8.042702710577595004e-01 8.928215664206999858e-01 9.558067910560883451e-01 1.000000000000000000e+00 9.558067910560928970e-01 8.928215664207004298e-01 8.042702710577612768e-01 7.031007823843654636e-01 5.995738165696589128e-01 5.005929462766708360e-01 4.100268001768829773e-01 3.295003169223236217e-01 2.592126497831269138e-01 1.985766446377404404e-01 1.466457820645255816e-01 1.023687142859320415e-01 6.472603028996383456e-02 3.279457233479999428e-02 5.770602600138699696e-03 -1.702863479678913550e-02 -3.617353997824619000e-02 -5.213466627980651441e-02 -6.529582148245664797e-02 -7.596617828321010346e-02 -8.439072888138578199e-02 -9.075889399793515833e-02 -9.521131521354463112e-02 -9.784494892034215074e-02 -9.871659173484786942e-02 -9.784494892034283076e-02 -9.521131521354565808e-02 -9.075889399793655998e-02 -8.439072888138761386e-02 -7.596617828321255983e-02 -6.529582148245922923e-02 -5.213466627981010876e-02 -3.617353997824985373e-02 -1.702863479679296230e-02 5.770602600135319588e-03 3.279457233479679545e-02 6.472603028996244678e-02 0.000000000000000000e+00 0.000000000000000000e+00 0.000000000000000000e+00 0.000000000000000000e+00 0.000000000000000000e+00 0.000000000000000000e+00 0.000000000000000000e+00 0.000000000000000000e+00 0.000000000000000000e+00 0.000000000000000000e+00 0.000000000000000000e+00 0.000000000000000000e+00 0.000000000000000000e+00 0.000000000000000000e+00 0.000000000000000000e+00 0.000000000000000000e+00 0.000000000000000000e+00 0.000000000000000000e+00 0.000000000000000000e+00 0.000000000000000000e+00 0.000000000000000000e+00 0.000000000000000000e+00 0.000000000000000000e+00 0.000000000000000000e+00 0.000000000000000000e+00 0.000000000000000000e+00 0.000000000000000000e+00 0.000000000000000000e+00 0.000000000000000000e+00 0.000000000000000000e+00 0.000000000000000000e+00 0.000000000000000000e+00 0.000000000000000000e+00 0.000000000000000000e+00 0.000000000000000000e+00 0.000000000000000000e+00 0.000000000000000000e+00 0.000000000000000000e+00 0.000000000000000000e+00 0.000000000000000000e+00 0.000000000000000000e+00 0.000000000000000000e+00 0.000000000000000000e+00 0.000000000000000000e+00 0.000000000000000000e+00 0.000000000000000000e+00 0.000000000000000000e+00 0.000000000000000000e+00 0.000000000000000000e+00 0.000000000000000000e+00
6.472603028996717911e-02 1.023687142859365656e-01 1.466457820645277743e-01 1.985766446377441596e-01 2.592126497831301335e-01 3.295003169223273964e-01 4.100268001768839765e-01 5.005929462766727234e-01 5.995738165696624655e-01 7.031007823843647975e-01 8.042702710577614988e-01 8.928215664207020952e-01 9.558067910560928970e-01 1.000000000000000222e+00 9.558067910560863467e-01 8.928215664207003188e-01 8.042702710577612768e-01 7.031007823843627991e-01 5.995738165696596900e-01 5.005929462766711691e-01 4.100268001768817006e-01 3.295003169223246764e-01 2.592126497831266363e-01 1.985766446377416061e-01 1.466457820645249432e-01 1.023687142859321803e-01 6.472603028996361252e-02 3.279457233479916162e-02 5.770602600138358823e-03 -1.702863479678931591e-02 -3.617353997824640510e-02 -5.213466627980715973e-02 -6.529582148245625939e-02 -7.596617828321022836e-02 -8.439072888138561546e-02 -9.075889399793497792e-02 -9.521131521354439520e-02 -9.784494892034244218e-02 -9.871659173484749472e-02 -9.784494892034258096e-02 -9.521131521354525562e-02 -9.075889399793635182e-02 -8.439072888138729467e-02 -7.596617828321240717e-02 -6.529582148245868800e-02 -5.213466627980925527e-02 -3.617353997824881984e-02 -1.702863479679111655e-02 5.770602600136429811e-03 3.279457233479907141e-02 0.000000000000000000e+00 0.000000000000000000e+00 0.000000000000000000e+00 0.000000000000000000e+00 0.000000000000000000e+00 0.000000000000000000e+00 0.000000000000000000e+00 0.000000000000000000e+00 0.000000000000000000e+00 0.000000000000000000e+00 0.000000000000000000e+00 0.000000000000000000e+00 0.000000000000000000e+00 0.000000000000000000e+00 0.000000000000000000e+00 0.000000000000000000e+00 0.000000000000000000e+00 0.000000000000000000e+00 0.000000000000000000e+00 0.000000000000000000e+00 0.000000000000000000e+00 0.000000000000000000e+00 0.000000000000000000e+00 0.000000000000000000e+00 0.000000000000000000e+00 0.000000000000000000e+00 0.000000000000000000e+00 0.000000000000000000e+00 0.000000000000000000e+00 0.000000000000000000e+00 0.000000000000000000e+00 0.000000000000000000e+00 0.000000000000000000e+00 0.000000000000000000e+00 0.000000000000000000e+00 0.000000000000000000e+00 0.000000000000000000e+00 0.000000000000000000e+00 0.000000000000000000e+00 0.000000000000000000e+00 0.000000000000000000e+00 0.000000000000000000e+00 0.000000000000000000e+00 0.000000000000000000e+00 0.000000000000000000e+00 0.000000000000000000e+00 0.000000000000000000e+00 0.000000000000000000e+00 0.000000000000000000e+00 0.000000000000000000e+00
3.279457233480326944e-02 6.472603028996823382e-02 1.023687142859343174e-01 1.466457820645278576e-01 1.985766446377433547e-01 2.592126497831290788e-01 3.295003169223241768e-01 4.100268001768827553e-01 5.005929462766711691e-01 5.995738165696579136e-01 7.031007823843625770e-01 8.042702710577588343e-01 8.928215664207004298e-01 9.558067910560863467e-01 1.000000000000000000e+00 9.558067910560915648e-01 8.928215664207027613e-01 8.042702710577600556e-01 7.031007823843639093e-01 5.995738165696600230e-01 5.005929462766697258e-01 4.100268001768816450e-01 3.295003169223232886e-01 2.592126497831265808e-01 1.985766446377401906e-01 1.466457820645236110e-01 1.023687142859305566e-01 6.472603028996141983e-02 3.279457233479777384e-02 5.770602600136801909e-03 -1.702863479679052328e-02 -3.617353997824734185e-02 -5.213466627980740259e-02 -6.529582148245714757e-02 -7.596617828321017285e-02 -8.439072888138580975e-02 -9.075889399793543588e-02 -9.521131521354464500e-02 -9.784494892034212299e-02 -9.871659173484764738e-02 -9.784494892034233116e-02 -9.521131521354526950e-02 -9.075889399793586609e-02 -8.439072888138710038e-02 -7.596617828321158838e-02 -6.529582148245811901e-02 -5.213466627980839485e-02 -3.617353997824758471e-02 -1.702863479679008613e-02 5.770602600138683216e-03 0.000000000000000000e+00 0.000000000000000000e+00 0.000000000000000000e+00 0.000000000000000000e+00 0.000000000000000000e+00 0.000000000000000000e+00 0.000000000000000000e+00 0.000000000000000000e+00 0.000000000000000000e+00 0.000000000000000000e+00 0.000000000000000000e+00 0.000000000000000000e+00 0.000000000000000000e+00 0.000000000000000000e+00 0.000000000000000000e+00 0.000000000000000000e+00 0.000000000000000000e+00 0.000000000000000000e+00 0.000000000000000000e+00 0.000000000000000000e+00 0.000000000000000000e+00 0.000000000000000000e+00 0.000000000000000000e+00 0.000000000000000000e+00 0.000000000000000000e+00 0.000000000000000000e+00 0.000000000000000000e+00 0.000000000000000000e+00 0.000000000000000000e+00 0.000000000000000000e+00 0.000000000000000000e+00 0.000000000000000000e+00 0.000000000000000000e+00 0.000000000000000000e+00 0.000000000000000000e+00 0.000000000000000000e+00 0.000000000000000000e+00 0.000000000000000000e+00 0.000000000000000000e+00 0.000000000000000000e+00 0.000000000000000000e+00 0.000000000000000000e+00 0.000000000000000000e+00 0.000000000000000000e+00 0.000000000000000000e+00 0.000000000000000000e+00 0.000000000000000000e+00 0.000000000000000000e+00 0.000000000000000000e+00 0.000000000000000000e+00
