2.037538999813541452e+01 1.996522297334254148e+01 1.869416172920985275e+01 1.686052933687808419e+01 1.474011610689957585e+01 1.267779084528062938e+01 1.083037014618703786e+01 9.298216813525447932e+00 8.053117974012421243e+00 7.037051609201676605e+00 6.196191436499753458e+00 5.494558323891695295e+00 4.872236625961282819e+00 4.344412320429451135e+00 3.899621904310888620e+00 3.564480736196246280e+00 3.320852418741554679e+00 3.150204729702770656e+00 3.055324448405338789e+00 3.018986012649559125e+00 3.041555073482017146e+00 3.119996035551604763e+00 3.211570709529228296e+00 3.301292208993938271e+00 3.367591555492515099e+00 3.388601616849065135e+00 3.330570089887987972e+00 3.262243829354284586e+00 3.183213377179793024e+00 3.133772449106698943e+00 3.097231841760582416e+00 3.089692338368410507e+00 3.115058982601415671e+00 3.169260575071142672e+00 3.305582568220489126e+00 3.544963057605445389e+00 3.862266609063703449e+00 4.289485846361116295e+00 4.788458095373873569e+00 5.370658193547742876e+00 6.060882848645610110e+00 6.853827721856116995e+00 7.807758182736289854e+00 8.980727283260367955e+00 1.042137313183744141e+01 1.219477519013496547e+01 1.426153149871680803e+01 1.638872941083168655e+01 1.835761261183131765e+01 1.977845649343301204e+01 8.927494173271031741e+01 8.833729845013020565e+01 8.520076825048684555e+01 8.045860668007129846e+01 7.476997402935766956e+01 6.878191329364024398e+01 6.294869815951084746e+01 5.762273476543360573e+01 5.280067721802682001e+01 4.845418883943262500e+01 4.450203792081092757e+01 4.089859919764023743e+01 3.766059766275706266e+01 3.478379385727178885e+01 3.222314010319652766e+01 2.999440379393920253e+01 2.827844504999838904e+01 2.678700000574840345e+01 2.566713455849246728e+01 2.477953592797081583e+01 2.411796789478962211e+01 2.382037296409185601e+01 2.365119689926069668e+01 2.355052983548329948e+01 2.355586218587552239e+01 2.348805781912841795e+01 2.340385784700692895e+01 2.342246705500763682e+01 2.348435611525361466e+01 2.374068074341180079e+01 2.414772046509174430e+01 2.474109751159162585e+01 2.552225836576581486e+01 2.651241628010535933e+01 2.785280246864557441e+01 2.954004468901978697e+01 3.168075774587052251e+01 3.416349760740973807e+01 3.704456158916303110e+01 4.026239684309425115e+01 4.379370404763587743e+01 4.759499433614340091e+01 5.176118370487203180e+01 5.646205067742548067e+01 6.161561616340115677e+01 6.731936927884252952e+01 7.326376311654036044e+01 7.906967360828333824e+01 8.423181139959081065e+01 8.778064818772980971e+01
1.996522297334254148e+01 2.056436429117939468e+01 2.010917116955571160e+01 1.882483523417225868e+01 1.690537472092086801e+01 1.475494222075030137e+01 1.265812780604578869e+01 1.082650174105126517e+01 9.313176631602349431e+00 8.080374191850426158e+00 7.081070445959294801e+00 6.258284305401235592e+00 5.533113193903532512e+00 4.911461001031593554e+00 4.371134720253891714e+00 3.942815886672516701e+00 3.613870722467363628e+00 3.361414796523389370e+00 3.197574529051279590e+00 3.100113057714918074e+00 3.079200741044840761e+00 3.134998436413301448e+00 3.226424187472720639e+00 3.319096680931358012e+00 3.398333856344076587e+00 3.423514634590206107e+00 3.365650123979478714e+00 3.296700828273408046e+00 3.211195095553591283e+00 3.152597683827444985e+00 3.101052637374535959e+00 3.063022872636712801e+00 3.040944795747954288e+00 3.028267601094456030e+00 3.081690207566301964e+00 3.233080913574920334e+00 3.459218764093877407e+00 3.808223522239177594e+00 4.230554062811024529e+00 4.743331490076879930e+00 5.356374331110962395e+00 6.053641552837413009e+00 6.870307290730306882e+00 7.852194947387864943e+00 9.040596749342370231e+00 1.053274452670700256e+01 1.236162553702543399e+01 1.441167569212639954e+01 1.658640730202205305e+01 1.855437963898175013e+01 8.851710043098373148e+01 8.997553970995114980e+01 8.898861360404535503e+01 8.582397517605207327e+01 8.097565576099528073e+01 7.517545297961866879e+01 6.910405458176242632e+01 6.333612124569208390e+01 5.805018717304847087e+01 5.327370034746407867e+01 4.895618981576192397e+01 4.501963225831271842e+01 4.145725076358085204e+01 3.822792506907516241e+01 3.531221921349816029e+01 3.270600788480533794e+01 3.060993946367704055e+01 2.875569673517004787e+01 2.728568946640633897e+01 2.608680445559700800e+01 2.515432033713016935e+01 2.461842540350930975e+01 2.427472613516454913e+01 2.402429437535502288e+01 2.389313193990246731e+01 2.367194479126386497e+01 2.345243344378541295e+01 2.330934930638482072e+01 2.320086738275682592e+01 2.328168443169885293e+01 2.347859068884676503e+01 2.383000394072730188e+01 2.433729189106822588e+01 2.501775807972850174e+01 2.600751404831125768e+01 2.733515701404351717e+01 2.911754601364225081e+01 3.126772434775919862e+01 3.383788260275409954e+01 3.678062560728659491e+01 4.004476555865832665e+01 4.359426780512071531e+01 4.746493446739216182e+01 5.181225203917841071e+01 5.654849519377151523e+01 6.188063461882345706e+01 6.764473186138239669e+01 7.368794748295771058e+01 7.971592581322494198e+01 8.485934194757986404e+01
1.869416172920985275e+01 2.010917116955571160e+01 2.066703831857435603e+01 2.020411613518416871e+01 1.883954099741299970e+01 1.689352506426163458e+01 1.471794473301961403e+01 1.263783253441820698e+01 1.082932257417269994e+01 9.319956091778784923e+00 8.105084774967579619e+00 7.118488872814077162e+00 6.271088794489537044e+00 5.551595822116982326e+00 4.918613818029787588e+00 4.400448850906141907e+00 3.984022993983725058e+00 3.643733832771689940e+00 3.400123266394102561e+00 3.231292267843915322e+00 3.157056905900238242e+00 3.179535713764857885e+00 3.258381403845064472e+00 3.345500571283138935e+00 3.428743886529102447e+00 3.452099077357323242e+00 3.401059774879373165e+00 3.336267088375119538e+00 3.253164975865027841e+00 3.193858285748741643e+00 3.131553971293453920e+00 3.074008411029506949e+00 3.018096746588810664e+00 2.954284987008518382e+00 2.936440848403552906e+00 3.008649957403423780e+00 3.146864597364157579e+00 3.413845538174445249e+00 3.754876641111311919e+00 4.195158778041533587e+00 4.734809257800871585e+00 5.357705862088811166e+00 6.077032085188339039e+00 6.923058185031832679e+00 7.914699759427051617e+00 9.146199957681913517e+00 1.068241940936492718e+01 1.248322059459421496e+01 1.457315993179184055e+01 1.673726695033652945e+01 8.544124881567229579e+01 8.906889248895302558e+01 9.046688919231458215e+01 8.947270121535214571e+01 8.619923597649483327e+01 8.124842532608759882e+01 7.539151889579400745e+01 6.939131477296426453e+01 6.367979338400812139e+01 5.842913647507943153e+01 5.368704239601732553e+01 4.939050566506716677e+01 4.550444888573161251e+01 4.194309786857534306e+01 3.870469233425483679e+01 3.574160785477425861e+01 3.326244972109483200e+01 3.103582850459707387e+01 2.919645070789026775e+01 2.765830246985542828e+01 2.643299968655393783e+01 2.563172898726726601e+01 2.508079575737234990e+01 2.465982342378973868e+01 2.436634684552675623e+01 2.398491418651745377e+01 2.362251632280258562e+01 2.333005851258657515e+01 2.307282021995356303e+01 2.299807748644602157e+01 2.301155334725262236e+01 2.315857759222831191e+01 2.343114533296132507e+01 2.384805883746028954e+01 2.451865839640530709e+01 2.549996177742517389e+01 2.691834453912528602e+01 2.871705763962633640e+01 3.094432623316477660e+01 3.358119159538011900e+01 3.655862754242520651e+01 3.985491025624525463e+01 4.345815594894929745e+01 4.749995292713722961e+01 5.185095816362385790e+01 5.675831075903553113e+01 6.212200159313869818e+01 6.795998361906873697e+01 7.419401349183358718e+01 8.020320364792837609e+01
1.686052933687808419e+01 1.882483523417225868e+01 2.020411613518416871e+01 2.076203282018728302e+01 2.022884302047000915e+01 1.884900640099781555e+01 1.689324109712817901e+01 1.474045847007436016e+01 1.269037923544046542e+01 1.088165494724677629e+01 9.391641007737137059e+00 8.184061650565659818e+00 7.172826189319274626e+00 6.333024028870729794e+00 5.598484871567786847e+00 4.985859200723366413e+00 4.476234070843609913e+00 4.041146658102229949e+00 3.708288729968914677e+00 3.455065331944815021e+00 3.311314659284205320e+00 3.280266112663719813e+00 3.324103421915185042e+00 3.386263542119888559e+00 3.460362854956387402e+00 3.476667056052999971e+00 3.433894941815375024e+00 3.380642290114909798e+00 3.308793342014439087e+00 3.263094107396801391e+00 3.198039493373139752e+00 3.130000580614316075e+00 3.045634990157149780e+00 2.939952076461139541e+00 2.858427691583685260e+00 2.860382035426837888e+00 2.917880463660365908e+00 3.104702200506722853e+00 3.362319464135705260e+00 3.722348940897860281e+00 4.183725088744718157e+00 4.733213064528858816e+00 5.374994847034888501e+00 6.125323236520139325e+00 6.977405858571140485e+00 8.004493246715133736e+00 9.273672577320818178e+00 1.077846485425751055e+01 1.262239904028992754e+01 1.470139699678184009e+01 8.080151813599212574e+01 8.602036728106962471e+01 8.959499775899264762e+01 9.101873638380389764e+01 8.994171783343456639e+01 8.660793334537463295e+01 8.165642306910910975e+01 7.588810600833230069e+01 6.997639238140382645e+01 6.429701364611456427e+01 5.908458670991863215e+01 5.436153481616221228e+01 5.010684292324376798e+01 4.619507676593379131e+01 4.263306490646957769e+01 3.932389136014505482e+01 3.645928775624676632e+01 3.385698124629357864e+01 3.163321090515633216e+01 2.972064099998969056e+01 2.815840112647164872e+01 2.703866170605821040e+01 2.621685332996369766e+01 2.556530266035613153e+01 2.507233426881770200e+01 2.450898218700097431e+01 2.399588681626648778e+01 2.355545390659688465e+01 2.316798246064261591e+01 2.295588921718821851e+01 2.280896340568587988e+01 2.277357059647912152e+01 2.283315131181390711e+01 2.300019027196070454e+01 2.337433822262701355e+01 2.403446732711969602e+01 2.510353034194735855e+01 2.655121892085301738e+01 2.842691225683254785e+01 3.072914031872958773e+01 3.338638219567760501e+01 3.640071479137013455e+01 3.974380056016541118e+01 4.351206970792206619e+01 4.754172202850348583e+01 5.207315826477804421e+01 5.700637402688926159e+01 6.244491337101666772e+01 6.846392175319044782e+01 7.470415375458320284e+01
1.474011610689957585e+01 1.690537472092086801e+01 1.883954099741299970e+01 2.022884302047000915e+01 2.073070334899199452e+01 2.019792670031657167e+01 1.882797038229115572e+01 1.690454121905008478e+01 1.479250789492558305e+01 1.274465161950995906e+01 1.095930108812679293e+01 9.473902108169383496e+00 8.243089417875676617e+00 7.247373303982688419e+00 6.398313104177917765e+00 5.689812247075803242e+00 5.091624911737240744e+00 4.564261660118149599e+00 4.136394605364148269e+00 3.790594206578263847e+00 3.562844635424473161e+00 3.456755430383793293e+00 3.439494204714575787e+00 3.453325320558675582e+00 3.494780274180443680e+00 3.490143938077513219e+00 3.452227454093174330e+00 3.411976892935945749e+00 3.358463760101331630e+00 3.333780464907256214e+00 3.274054601897953720e+00 3.203637361266531425e+00 3.102261464747799735e+00 2.966937415126150501e+00 2.839644245576635306e+00 2.787974423131573065e+00 2.781675070992368326e+00 2.896280579192455740e+00 3.074490359777896309e+00 3.350660860492892024e+00 3.726156489093806812e+00 4.196050685795192692e+00 4.758366826127001126e+00 5.419072134174211186e+00 6.156415517412774818e+00 7.020686086619825517e+00 8.067204094594243813e+00 9.293534301280010013e+00 1.083546456920746870e+01 1.266320317752817104e+01 7.493371549924570729e+01 8.102143391261695626e+01 8.620524288842430849e+01 8.983899063808033247e+01 9.121649998261175085e+01 9.012669355363888712e+01 8.685881035974250608e+01 8.201719290190544598e+01 7.638123994797598471e+01 7.051542538379709413e+01 6.490402926669293038e+01 5.972992130632498231e+01 5.507152944026040586e+01 5.079732630001713289e+01 4.693268632792956652e+01 4.332124301054152227e+01 4.011212850896259852e+01 3.715616844458227064e+01 3.455985683126026231e+01 3.225876356901677156e+01 3.032612519507012649e+01 2.883888389007375608e+01 2.768188956667782463e+01 2.673712426474768122e+01 2.598603373444596087e+01 2.520267454079144187e+01 2.451117392956393815e+01 2.391831892907129387e+01 2.340873173948419605e+01 2.306951849730631210e+01 2.278589791799757336e+01 2.259415056222359652e+01 2.246563765532289025e+01 2.242375139025962838e+01 2.253941871911456118e+01 2.291243627303660446e+01 2.366253574087189548e+01 2.477006662345074517e+01 2.629077504757890438e+01 2.822865746415725852e+01 3.051969141507646199e+01 3.320046638305324649e+01 3.622981564119525189e+01 3.968789399669712026e+01 4.339418852840370988e+01 4.755868140311186210e+01 5.207358437666658801e+01 5.704349751740137009e+01 6.261755696967519924e+01 6.863479909818100566e+01
1.267779084528062938e+01 1.475494222075030137e+01 1.689352506426163458e+01 1.884900640099781555e+01 2.019792670031657167e+01 2.071230719407565601e+01 2.020009397304595922e+01 1.885562182049299551e+01 1.696117770621202325e+01 1.483818313731696215e+01 1.280538738923719144e+01 1.101898543609161862e+01 9.517995980324108984e+00 8.319003835389258583e+00 7.327375734169085497e+00 6.513144252431913195e+00 5.827724273134622379e+00 5.214240752284883484e+00 4.694401906473159691e+00 4.253572554549450935e+00 3.929210834095718141e+00 3.732594340950607048e+00 3.629439383176936484e+00 3.573044094540554383e+00 3.565900562878071334e+00 3.533216021967652054e+00 3.492910181698708705e+00 3.466145274998321035e+00 3.428043795038687502e+00 3.417710139281330939e+00 3.358665075656194876e+00 3.281154417332712292e+00 3.162897089003199547e+00 3.005332447122863737e+00 2.849799280962268089e+00 2.762879185431324380e+00 2.715332000924272737e+00 2.773806692373782745e+00 2.883189017033293222e+00 3.079616759953212046e+00 3.367572009176726056e+00 3.752294262501274513e+00 4.232270278451460754e+00 4.805606653433113884e+00 5.448122038046104620e+00 6.191441355837688398e+00 7.069298553713736943e+00 8.073189394675834407e+00 9.333714321773948441e+00 1.085473263473961048e+01 6.875706139238404546e+01 7.505014913999991677e+01 8.110958709581014148e+01 8.636309619572725182e+01 8.999312220034224197e+01 9.139064967865209610e+01 9.040541792907222884e+01 8.722528404917960643e+01 8.250973619617685983e+01 7.688937801710922315e+01 7.108774620850878989e+01 6.550828749686417041e+01 6.042110210523949831e+01 5.576233282979369932e+01 5.159042519495459800e+01 4.770466432031174264e+01 4.420028688866932498e+01 4.094330166964305562e+01 3.800758236619599018e+01 3.532761103829960803e+01 3.300877508764384771e+01 3.111356118746899568e+01 2.956637729327616526e+01 2.827475907671352928e+01 2.722188772382950006e+01 2.619320456188929569e+01 2.530884350902158886e+01 2.454622249206947515e+01 2.390220988348592712e+01 2.341808838072163468e+01 2.298510151939026258e+01 2.262984464505683135e+01 2.231332031909188629e+01 2.207684027744271660e+01 2.196677643525183399e+01 2.210249611940931302e+01 2.258536411561848212e+01 2.338720765977017280e+01 2.457917252489878734e+01 2.615422524015834682e+01 2.806699626489523425e+01 3.038791462968648460e+01 3.307177131471388520e+01 3.619552792849037104e+01 3.958662030747196781e+01 4.340951667802226410e+01 4.755233024825361809e+01 5.207990920186423978e+01 5.714781254069390570e+01 6.271573194796831530e+01
1.083037014618703786e+01 1.265812780604578869e+01 1.471794473301961403e+01 1.689324109712817901e+01 1.882797038229115572e+01 2.020009397304595922e+01 2.074531697469374336e+01 2.025918993125621270e+01 1.893925923920643939e+01 1.703583824330067742e+01 1.492720089301557529e+01 1.288838657250535924e+01 1.108648730575728436e+01 9.616846920559488865e+00 8.420414763175744000e+00 7.456268195758354977e+00 6.664864961901024287e+00 5.966955860580924309e+00 5.364526804923540837e+00 4.834799821810730869e+00 4.413070191485049421e+00 4.115608297838160290e+00 3.909207985516257366e+00 3.762353748845574053e+00 3.683247404503096512e+00 3.602345936586658581e+00 3.544165367467047911e+00 3.523709376512088376e+00 3.498046861917749606e+00 3.498943455592331997e+00 3.438031299367711124e+00 3.349649537790764242e+00 3.214418757196205068e+00 3.040511022788660700e+00 2.871888680100446400e+00 2.770620480858479784e+00 2.702904433373699344e+00 2.723613772780332454e+00 2.777825902259375646e+00 2.902987240576401895e+00 3.109875786648066853e+00 3.406965820842701831e+00 3.798439303137426837e+00 4.277732663132148616e+00 4.824489312017271381e+00 5.459577770167670430e+00 6.202778901932560984e+00 7.038329778008980853e+00 8.071129839073236667e+00 9.310543783988839195e+00 6.265700155993942388e+01 6.872697523071190062e+01 7.501560888481007794e+01 8.116612328587778791e+01 8.647314589251965344e+01 9.015178164092915836e+01 9.169424862171263158e+01 9.079386922478043687e+01 8.775878986743563814e+01 8.306457385168828012e+01 7.753431621349803038e+01 7.176651394699810282e+01 6.628388238917658271e+01 6.119348029060833483e+01 5.664739038480546185e+01 5.245280461488752621e+01 4.866403871990016228e+01 4.513786920447459039e+01 4.190250044370555571e+01 3.887151086005026457e+01 3.616916588005928901e+01 3.384600676740968339e+01 3.186311524710373178e+01 3.017213830269214014e+01 2.874995253847446364e+01 2.743004146748936734e+01 2.630961664752055995e+01 2.535599258202729089e+01 2.456520157366838930e+01 2.392663831474851222e+01 2.333596388005477351e+01 2.281342510883662555e+01 2.230469288256727722e+01 2.188503317488683564e+01 2.158036843082875933e+01 2.152294146917501649e+01 2.178718224398976133e+01 2.232854142300241307e+01 2.322035414465425163e+01 2.445396826815498770e+01 2.599060267725203488e+01 2.794284497614493290e+01 3.024709609607321426e+01 3.299029647778723984e+01 3.602893923659235753e+01 3.949286284394993629e+01 4.327959256955976741e+01 4.740565663022521647e+01 5.200459411356673911e+01 5.707707994818049713e+01
9.298216813525447932e+00 1.082650174105126517e+01 1.263783253441820698e+01 1.474045847007436016e+01 1.690454121905008478e+01 1.885562182049299551e+01 2.025918993125621270e+01 2.082395713338344123e+01 2.034721159238198140e+01 1.901457386090566715e+01 1.712285991442604072e+01 1.500372114075963914e+01 1.295720770362872365e+01 1.119308482775612923e+01 9.736932984950819048e+00 8.568276289893013598e+00 7.631025419077149152e+00 6.826925422733220117e+00 6.136561228590523775e+00 5.519072495106600584e+00 5.003997803821579105e+00 4.610048727071057506e+00 4.300061718121622967e+00 4.060986563219914913e+00 3.906168646522012899e+00 3.770273382014821539e+00 3.682806216946743927e+00 3.657842878555547017e+00 3.636204655471245495e+00 3.634404833522086431e+00 3.566366582663377915e+00 3.458139371628182079e+00 3.303287673904132138e+00 3.112396909210750184e+00 2.935761266276138759e+00 2.827170811094068092e+00 2.749736615490343095e+00 2.744563142029815772e+00 2.759171938928557388e+00 2.825376673381175152e+00 2.958207618166715402e+00 3.171144162306165359e+00 3.471591695358243967e+00 3.850088501925009954e+00 4.298558990784255407e+00 4.830029085699885094e+00 5.459209844759429053e+00 6.168952656723487138e+00 7.033376392198878335e+00 8.053128038873150985e+00 5.700796538848638306e+01 6.264139893092560385e+01 6.870895686719728701e+01 7.508980439668033569e+01 8.131823514015108856e+01 8.666947471452104423e+01 9.049079446432627094e+01 9.208720396974240430e+01 9.132040081852107960e+01 8.830352374231709689e+01 8.370916181762557073e+01 7.821071942934383969e+01 7.256372403796126491e+01 6.709861785782119625e+01 6.214450779181922258e+01 5.759593561194383682e+01 5.350335879851841270e+01 4.971086200508147357e+01 4.620277667899901530e+01 4.286012905884099666e+01 3.981040277538308203e+01 3.708558223472691395e+01 3.468844879011575699e+01 3.260153574810739485e+01 3.080105948873080379e+01 2.917894442460479354e+01 2.779780749744702462e+01 2.662811075337737421e+01 2.565757282855944865e+01 2.483749421584466432e+01 2.406641330115866495e+01 2.335954963179010235e+01 2.265116825058039751e+01 2.203499292099476037e+01 2.154316019615516709e+01 2.129985048243749901e+01 2.136173371572619217e+01 2.166548825956815705e+01 2.228306858698217141e+01 2.319975844156776645e+01 2.438006578253257572e+01 2.596345352141084462e+01 2.787118760418506014e+01 3.020192129542190784e+01 3.285834748094031710e+01 3.593630262978177825e+01 3.936259712970725388e+01 4.311975067894700686e+01 4.730550085398446925e+01 5.192512052418422996e+01
8.053117974012421243e+00 9.313176631602349431e+00 1.082932257417269994e+01 1.269037923544046542e+01 1.479250789492558305e+01 1.696117770621202325e+01 1.893925923920643939e+01 2.034721159238198140e+01 2.090638540907230691e+01 2.041776185842644509e+01 1.910439279710034199e+01 1.720467952267367906e+01 1.509185649430590459e+01 1.308557412074043036e+01 1.133809844651731780e+01 9.900412530179346859e+00 8.753179218201601941e+00 7.797430626324328706e+00 7.002161605166580927e+00 6.297800601024444944e+00 5.698845929037964275e+00 5.218548352981485117e+00 4.808450680021693735e+00 4.473443855533159486e+00 4.231962523881683147e+00 4.026428260874769016e+00 3.889174224183645112e+00 3.835378333648198801e+00 3.797217541839719157e+00 3.772406254725017671e+00 3.689351120518153948e+00 3.559729702325298728e+00 3.388995605209209394e+00 3.188263674309330220e+00 3.008776714368118110e+00 2.896060965438884249e+00 2.810723820374655180e+00 2.784619406768745975e+00 2.766444964594278133e+00 2.781309189713866203e+00 2.851686623383136610e+00 2.988207662725951064e+00 3.202548453959649155e+00 3.488346362188979644e+00 3.842498194907093989e+00 4.276537329237188878e+00 4.807202065277414782e+00 5.419141184779172171e+00 6.163131750928910080e+00 7.024072964257165097e+00 5.189185427099234715e+01 5.705570221921179552e+01 6.269404565672865459e+01 6.886382798894460677e+01 7.533918724766894570e+01 8.160372681568911446e+01 8.707811796723798636e+01 9.092703384326834737e+01 9.266068832808863931e+01 9.192609549763976418e+01 8.902811635490280651e+01 8.448528457308003681e+01 7.913066805266619497e+01 7.350632395661895657e+01 6.817201373528831709e+01 6.320730837353892895e+01 5.874483559203717675e+01 5.464688639161168027e+01 5.086594432856097825e+01 4.725697985034087623e+01 4.390452973385654900e+01 4.082331859509255167e+01 3.802457280792278738e+01 3.553893627630339580e+01 3.332983953765876350e+01 3.136140360388165860e+01 2.966118883630897329e+01 2.821789693315152192e+01 2.700576190506859930e+01 2.595766550391793714e+01 2.497191989327770401e+01 2.406521124535222356e+01 2.315469765867525354e+01 2.234598766756202082e+01 2.167462191988970588e+01 2.125463147299756983e+01 2.111865884820630157e+01 2.119992916866753063e+01 2.155686510470878403e+01 2.218505319592582126e+01 2.303482504744787818e+01 2.427804523091112543e+01 2.580432879764145326e+01 2.773176171622178643e+01 3.000822014114071123e+01 3.270014413526445907e+01 3.576630483127330251e+01 3.918028008792904870e+01 4.301508465485184729e+01 4.724741467954609675e+01
7.037051609201676605e+00 8.080374191850426158e+00 9.319956091778784923e+00 1.088165494724677629e+01 1.274465161950995906e+01 1.483818313731696215e+01 1.703583824330067742e+01 1.901457386090566715e+01 2.041776185842644509e+01 2.098158759575432697e+01 2.053355014155877356e+01 1.922341051684852786e+01 1.735289024968558635e+01 1.528137338946894097e+01 1.329985002027173380e+01 1.156226914154809826e+01 1.014147229302057340e+01 8.971216060638852241e+00 8.027061839124971954e+00 7.216741753233041123e+00 6.530495657920430297e+00 5.971839673969406626e+00 5.468729874045683559e+00 5.038870955905895954e+00 4.700177854161445623e+00 4.406297754794059607e+00 4.199176763625033892e+00 4.090381987307594613e+00 4.015934076979074341e+00 3.947314293474126323e+00 3.837028604766964168e+00 3.678639526769587054e+00 3.494185969587225493e+00 3.285751654986750481e+00 3.103067869840390625e+00 2.984420788374357869e+00 2.891040878876077969e+00 2.847202871184734363e+00 2.807693739493565932e+00 2.784719876845159980e+00 2.807291264246097207e+00 2.882281724618081853e+00 3.018633461367423720e+00 3.217532989768749907e+00 3.478475510282491800e+00 3.813866476216581258e+00 4.250122872551274078e+00 4.777291943372735439e+00 5.427306510416674001e+00 6.171047237834469179e+00 4.721429464119859887e+01 5.193541958830035554e+01 5.708973945962748076e+01 6.282694968629126464e+01 6.908977890962789559e+01 7.560281736050291101e+01 8.198305914590825694e+01 8.749745794477775007e+01 9.151999057089020084e+01 9.332899589545635877e+01 9.276577650213829429e+01 8.997372761732850677e+01 8.561929461052640988e+01 8.031362197830260641e+01 7.483081779437395653e+01 6.949203500209962669e+01 6.462041237088821788e+01 6.015604929200547701e+01 5.606265053335212656e+01 5.219546218016824213e+01 4.857680649862400912e+01 4.517952324713464662e+01 4.201864637140179326e+01 3.913656324654343877e+01 3.650514388558919876e+01 3.414747021158505191e+01 3.206633168799515232e+01 3.027953510682973715e+01 2.875445711256890391e+01 2.741848238356373813e+01 2.616570841912734835e+01 2.502342835459328541e+01 2.390195407904565528e+01 2.289485329486658216e+01 2.203994922911282117e+01 2.143710621756839529e+01 2.110431355412953991e+01 2.097484074101264184e+01 2.108831272611831054e+01 2.145755516332216928e+01 2.202527278194542149e+01 2.295123473793033142e+01 2.411845284715809257e+01 2.564687858682741606e+01 2.753233195305853798e+01 2.981684976753659555e+01 3.251230688017206916e+01 3.557601442419597504e+01 3.907434452602704766e+01 4.295815325187589906e+01
6.196191436499753458e+00 7.081070445959294801e+00 8.105084774967579619e+00 9.391641007737137059e+00 1.095930108812679293e+01 1.280538738923719144e+01 1.492720089301557529e+01 1.712285991442604072e+01 1.910439279710034199e+01 2.053355014155877356e+01 2.116666279462235423e+01 2.073732533369510733e+01 1.948283094321956810e+01 1.765034541474022234e+01 1.560697754328489850e+01 1.361315666884509312e+01 1.187505341571532469e+01 1.041221297807798152e+01 9.242986148956589432e+00 8.280081153170584685e+00 7.485610477941156304e+00 6.842522603730721187e+00 6.252072631102318034e+00 5.728727750589087897e+00 5.284242163856374574e+00 4.884062112772712183e+00 4.582683299881069594e+00 4.385644693151985685e+00 4.251868549880542858e+00 4.127738712251272091e+00 3.985666645478711967e+00 3.799945667058472587e+00 3.604187353869443555e+00 3.386047137955745523e+00 3.195288711185256147e+00 3.063898028771498971e+00 2.960090118541154780e+00 2.903306319225892551e+00 2.851961507809854801e+00 2.807065238463318124e+00 2.801199832705674186e+00 2.832753091833501102e+00 2.908520429359459314e+00 3.034144618369021718e+00 3.207107318128756823e+00 3.443603985165564652e+00 3.786555334930866490e+00 4.228613271842704080e+00 4.795634295244013856e+00 5.448422587202975897e+00 4.295886279140069774e+01 4.730643216279970886e+01 5.203725767798296431e+01 5.730660856499364542e+01 6.314109080137644980e+01 6.945164456868999991e+01 7.607065270296295978e+01 8.251435557431675250e+01 8.824407449236247203e+01 9.239657136301840978e+01 9.443206566225636323e+01 9.403426086312249765e+01 9.146763200191215049e+01 8.718026673660607173e+01 8.200282520279388621e+01 7.647880155847421690e+01 7.119392189722694297e+01 6.627422857057617023e+01 6.176871481790470142e+01 5.758694646096185465e+01 5.368911698657315412e+01 4.998953363480827505e+01 4.649420463719961560e+01 4.321579343819090013e+01 4.015105832407541442e+01 3.735107230001723622e+01 3.481961034992993831e+01 3.261561148386834219e+01 3.071177037563042944e+01 2.903882428888770306e+01 2.749290261806081048e+01 2.609827763268655687e+01 2.475858673653673492e+01 2.354100807752200808e+01 2.248826282753675088e+01 2.169146098402177003e+01 2.116439595878042468e+01 2.083451086936171492e+01 2.073746402799639910e+01 2.088759912111220274e+01 2.122607393395076514e+01 2.188156946246144940e+01 2.273566580005946847e+01 2.390387239751270343e+01 2.541292378584278921e+01 2.729505057033099291e+01 2.960657917625342250e+01 3.231395382158817142e+01 3.547840444187085751e+01 3.903845333349055835e+01
5.494558323891695295e+00 6.258284305401235592e+00 7.118488872814077162e+00 8.184061650565659818e+00 9.473902108169383496e+00 1.101898543609161862e+01 1.288838657250535924e+01 1.500372114075963914e+01 1.720467952267367906e+01 1.922341051684852786e+01 2.073732533369510733e+01 2.140938520766501796e+01 2.106732929266670951e+01 1.986295564610319175e+01 1.808061816970556990e+01 1.601910018128175395e+01 1.401958342765295207e+01 1.223067019896601515e+01 1.075736901618242491e+01 9.561522340513468166e+00 8.598831139004177615e+00 7.834735961716192243e+00 7.145341123032964425e+00 6.525198093096189034e+00 5.975424917138811409e+00 5.465507174308541494e+00 5.059797395127432651e+00 4.756147858430964881e+00 4.543110833210053379e+00 4.348747542028380764e+00 4.167181062278108250e+00 3.950612755637531226e+00 3.743263635011350399e+00 3.511794264356005169e+00 3.308505560530436540e+00 3.160823271107036092e+00 3.042055884325112203e+00 2.973355494590491865e+00 2.914699319090150009e+00 2.857697988112397169e+00 2.833286120398465169e+00 2.832499678097054385e+00 2.856792862573402481e+00 2.917797164840929103e+00 3.011255703752119040e+00 3.157491166320600673e+00 3.415091423972432594e+00 3.778660525305342688e+00 4.268199586047840555e+00 4.843766547813377343e+00 3.914507078934591533e+01 4.315016893955139210e+01 4.750941084325395281e+01 5.234216061965543787e+01 5.769608553855599808e+01 6.357900203076867740e+01 6.997695838026298532e+01 7.667570927843547679e+01 8.334506835265048608e+01 8.922919750242256498e+01 9.364289907711430772e+01 9.590268164625604186e+01 9.579181372080213919e+01 9.335188085000864078e+01 8.922000624431944971e+01 8.401058241040105656e+01 7.854344681850265886e+01 7.319514035297140708e+01 6.820523989101612017e+01 6.360534113222487917e+01 5.934742470332346187e+01 5.530791868750075224e+01 5.147897837341999860e+01 4.782308217485812207e+01 4.434236742637277473e+01 4.108286697680418342e+01 3.807161057719330444e+01 3.540468514965027680e+01 3.307041578649853619e+01 3.101782905875432306e+01 2.913482779073211759e+01 2.746021478079756406e+01 2.587912234053990090e+01 2.443696961855977534e+01 2.317489371185163449e+01 2.217010298185630290e+01 2.145236483719775222e+01 2.092672101575574573e+01 2.064024313715923498e+01 2.059638438731512267e+01 2.073497925598387681e+01 2.114109853349757273e+01 2.170921816061295573e+01 2.254674405353812361e+01 2.369613627177307791e+01 2.519351729761116587e+01 2.713623151509184694e+01 2.948817308874609822e+01 3.231786122959037755e+01 3.555200853827344787e+01
4.872236625961282819e+00 5.533113193903532512e+00 6.271088794489537044e+00 7.172826189319274626e+00 8.243089417875676617e+00 9.517995980324108984e+00 1.108648730575728436e+01 1.295720770362872365e+01 1.509185649430590459e+01 1.735289024968558635e+01 1.948283094321956810e+01 2.106732929266670951e+01 2.186054197631786877e+01 2.158431092464309131e+01 2.044642936347867845e+01 1.862862085851395832e+01 1.654482375735621602e+01 1.447430503252920175e+01 1.264867949088915644e+01 1.113611626326539827e+01 9.928881459414396815e+00 8.986729210402039314e+00 8.173488774379388033e+00 7.449128942756714444e+00 6.798498854666564561e+00 6.178535931201654563e+00 5.661667763048542135e+00 5.233738140318424215e+00 4.921794433910371858e+00 4.644009611940060900e+00 4.405743885893081746e+00 4.148952440449223289e+00 3.919739744307660256e+00 3.669640634170209470e+00 3.453544202519943429e+00 3.289349989268834040e+00 3.159374312983755928e+00 3.079264676469279483e+00 3.016629103324798944e+00 2.951695410257644259e+00 2.916930357380126182e+00 2.895445424190209227e+00 2.884130215200882308e+00 2.896953571452537624e+00 2.921388530361564317e+00 2.985724462106955190e+00 3.157612131707369763e+00 3.430825791120773793e+00 3.828482058119601295e+00 4.315888129271847617e+00 3.565107654533507286e+01 3.931971651682930258e+01 4.335036804221878981e+01 4.780863786761656087e+01 5.273294069179396359e+01 5.815935250833053516e+01 6.414606547521816537e+01 7.066604017487897238e+01 7.762854074000519233e+01 8.451860884442089628e+01 9.073546832447394195e+01 9.545781220411232937e+01 9.808288115398472939e+01 9.816100468880061669e+01 9.589388632064888895e+01 9.172337035197958244e+01 8.654592591194275997e+01 8.097330253774667597e+01 7.550168750611959467e+01 7.038815962934546633e+01 6.566639132064317153e+01 6.122330770751269569e+01 5.704633715080211687e+01 5.302205147332833945e+01 4.914704349202247613e+01 4.543159274313157425e+01 4.192611948852611903e+01 3.875425004659627604e+01 3.594321630892967789e+01 3.345864026440622752e+01 3.118480454091801946e+01 2.918141848574667918e+01 2.732216928917765841e+01 2.563400021616128299e+01 2.414422124836851324e+01 2.293224929799311340e+01 2.203032633906766335e+01 2.131574638363750296e+01 2.085749057872958545e+01 2.063295403315829901e+01 2.059109141848375657e+01 2.076755724838922035e+01 2.107856741192392036e+01 2.162386907127251234e+01 2.243885395713787645e+01 2.356484709500695729e+01 2.512905001320468301e+01 2.709843274731843721e+01 2.954645312364988641e+01 3.241510013477027030e+01
4.344412320429451135e+00 4.911461001031593554e+00 5.551595822116982326e+00 6.333024028870729794e+00 7.247373303982688419e+00 8.319003835389258583e+00 9.616846920559488865e+00 1.119308482775612923e+01 1.308557412074043036e+01 1.528137338946894097e+01 1.765034541474022234e+01 1.986295564610319175e+01 2.158431092464309131e+01 2.245940943291345704e+01 2.226890271485856587e+01 2.109757114890823715e+01 1.926125840524627364e+01 1.710056648300527016e+01 1.497021392244356974e+01 1.308685798239639553e+01 1.154288019563565371e+01 1.033211479278655354e+01 9.336923832163233072e+00 8.482919882599299299e+00 7.727900915505721890e+00 7.001560996799971903e+00 6.372023114477835648e+00 5.815496002524193742e+00 5.389565376173965916e+00 5.015474877813657528e+00 4.709634388296013441e+00 4.407067724346524606e+00 4.147972625248185885e+00 3.872025776200954450e+00 3.637363500428535179e+00 3.454154914466966986e+00 3.306898742733352492e+00 3.211390229400728380e+00 3.141984454817321026e+00 3.068920322099802700e+00 3.028745717669724336e+00 2.989811174423312234e+00 2.954551798256479067e+00 2.927902264417455047e+00 2.897711917745779520e+00 2.894875676735884973e+00 2.991450663461112214e+00 3.177421113274523368e+00 3.481968289419075102e+00 3.879691210069165397e+00 3.257737708325436188e+01 3.590704108531549821e+01 3.962175148137910696e+01 4.375566851796956058e+01 4.832558476673782621e+01 5.335299663001720916e+01 5.889802599731117994e+01 6.502537038550104853e+01 7.181905930945046634e+01 7.901441564174051280e+01 8.624222824439159751e+01 9.279702778789429374e+01 9.792174553313566321e+01 1.007894361535328613e+02 1.010761988687069248e+02 9.879836845104082954e+01 9.466406820668322553e+01 8.937298634658681351e+01 8.362699538433356850e+01 7.798663473019287551e+01 7.268613967668717635e+01 6.772262190108932600e+01 6.312854696187399384e+01 5.872802740910039887e+01 5.447044989825116090e+01 5.031441333658300152e+01 4.632228173526097237e+01 4.262899713568420879e+01 3.931002370032036453e+01 3.635624405120153568e+01 3.365726232944997065e+01 3.129738968481614947e+01 2.912854974176483580e+01 2.716405497893783760e+01 2.542660421913399560e+01 2.398289102128982009e+01 2.287938310049919721e+01 2.196449955916489927e+01 2.133287088453499791e+01 2.093216002777569429e+01 2.071058439725485556e+01 2.067678578389961430e+01 2.075843043019605716e+01 2.104901223844213121e+01 2.156154382079160570e+01 2.235285475563850710e+01 2.355809296456321178e+01 2.515394956421679851e+01 2.721296797040178106e+01 2.970693264419262647e+01
3.899621904310888620e+00 4.371134720253891714e+00 4.918613818029787588e+00 5.598484871567786847e+00 6.398313104177917765e+00 7.327375734169085497e+00 8.420414763175744000e+00 9.736932984950819048e+00 1.133809844651731780e+01 1.329985002027173380e+01 1.560697754328489850e+01 1.808061816970556990e+01 2.044642936347867845e+01 2.226890271485856587e+01 2.325671167041164722e+01 2.304790999756046688e+01 2.187293061290398555e+01 1.996589967934977849e+01 1.773034006073235247e+01 1.552602014787667883e+01 1.359784186804333395e+01 1.202763168302785601e+01 1.075984387386146501e+01 9.715679690502984300e+00 8.825394019469653628e+00 7.982828639673327231e+00 7.240210627987113234e+00 6.557529113339856330e+00 6.006270664477917798e+00 5.518042687343670316e+00 5.119866452104328225e+00 4.743462686202072121e+00 4.428265897016940400e+00 4.112814221318795482e+00 3.851032909314280328e+00 3.648929973017505546e+00 3.484456919301462285e+00 3.369122032597596128e+00 3.285760128875664599e+00 3.199167645972139429e+00 3.147737113046945812e+00 3.092035991426942410e+00 3.036210188874224780e+00 2.979122796949654095e+00 2.906209327189268166e+00 2.849273985362219541e+00 2.884869602387812204e+00 2.998403430284671156e+00 3.218287298368116556e+00 3.528968686891698958e+00 2.984197440030022008e+01 3.280479360701902891e+01 3.618112498525302811e+01 3.999821144776275617e+01 4.426242100953191994e+01 4.897043902641198088e+01 5.414775892205518915e+01 5.986860098092857640e+01 6.629711807018000513e+01 7.335473573315472606e+01 8.092209830952360505e+01 8.854190424513335245e+01 9.555138466674134179e+01 1.009978544275134738e+02 1.041378873864737074e+02 1.044773570249601136e+02 1.022784285466996863e+02 9.806254085927811559e+01 9.257222153919533980e+01 8.663749633410513695e+01 8.075740739075224894e+01 7.518010124979495856e+01 7.004310938723885727e+01 6.518188236504467170e+01 6.050607821391341190e+01 5.590986476376785674e+01 5.144199535836138182e+01 4.721715114911655320e+01 4.335700474161513540e+01 3.987444282986797361e+01 3.667099078370276288e+01 3.386380506726131046e+01 3.130365208137636301e+01 2.900854529653620517e+01 2.698202131543802196e+01 2.528767676892440619e+01 2.395778860200656979e+01 2.282143281801090140e+01 2.199306839875678321e+01 2.138952479210635715e+01 2.097366664511934076e+01 2.073198759406487213e+01 2.060344477588524370e+01 2.067216901675373109e+01 2.091730025052073927e+01 2.141661514194710136e+01 2.230020787591658404e+01 2.354816738511390639e+01 2.523438134334577754e+01 2.735269693115912659e+01
3.564480736196246280e+00 3.942815886672516701e+00 4.400448850906141907e+00 4.985859200723366413e+00 5.689812247075803242e+00 6.513144252431913195e+00 7.456268195758354977e+00 8.568276289893013598e+00 9.900412530179346859e+00 1.156226914154809826e+01 1.361315666884509312e+01 1.601910018128175395e+01 1.862862085851395832e+01 2.109757114890823715e+01 2.304790999756046688e+01 2.405389951839724105e+01 2.387208385509052633e+01 2.264731602434455837e+01 2.066074931421906413e+01 1.832599545911614669e+01 1.605631005904277941e+01 1.406991996945138190e+01 1.243144653447419934e+01 1.111426170409011682e+01 1.003941731514752433e+01 9.064559081002700580e+00 8.212230039038765028e+00 7.418626668628763632e+00 6.749770754170752340e+00 6.146619095438178526e+00 5.648353313966907763e+00 5.190087921339328503e+00 4.806599303959072422e+00 4.443211542779403445e+00 4.140867456078369813e+00 3.909787673082074644e+00 3.710631486736902573e+00 3.564309341871652936e+00 3.457814920905774692e+00 3.355211005288052384e+00 3.294282458974425509e+00 3.227651064997615116e+00 3.160282875925435775e+00 3.084541013455984082e+00 2.981528014893847001e+00 2.881583079424435478e+00 2.864648964210600113e+00 2.912460462649216097e+00 3.054670883229204659e+00 3.282113404141559165e+00 2.757764471202108325e+01 3.016031148327104461e+01 3.316512634077086830e+01 3.664573227390172150e+01 4.060561841214212109e+01 4.502072742913158265e+01 4.988143434577803248e+01 5.522246411149655643e+01 6.121680176251388872e+01 6.787709936561874713e+01 7.526934936530388143e+01 8.319480230901932316e+01 9.124066038908678422e+01 9.858849102607543102e+01 1.043448520554524634e+02 1.076166578927161197e+02 1.081006195824130600e+02 1.058720215474817081e+02 1.014331406027961719e+02 9.572676292799279452e+01 8.947106368348707406e+01 8.328111416839762171e+01 7.749844024503858009e+01 7.208878716971841527e+01 6.695213598053487658e+01 6.194434203052503563e+01 5.705660428440402399e+01 5.235793091907307684e+01 4.798925033256859507e+01 4.399159171610646979e+01 4.028319389586764743e+01 3.700940337788274093e+01 3.402779266096050037e+01 3.137062193063522031e+01 2.901451905749372528e+01 2.701958243227625189e+01 2.540705595793870941e+01 2.401219015977158833e+01 2.295921156918743833e+01 2.213909575024261400e+01 2.152651064308717821e+01 2.109495807358173991e+01 2.077800254779762312e+01 2.065932895876751019e+01 2.066728225581589129e+01 2.091007109628146665e+01 2.149308239033284096e+01 2.240801139879132009e+01 2.373248469522287962e+01 2.547326401112089300e+01
