1.211038704381035913e+01 1.171155374912859770e+01 1.064888848611521688e+01 9.072534527733081333e+00 7.341986881149683342e+00 5.704602657578710989e+00 4.329297365950985466e+00 3.243803512930967692e+00 2.433435599361115198e+00 1.794395703922344820e+00 1.261832813127547137e+00 7.884568351040958101e-01 3.640392970769924519e-01 3.964288435810483895e-03 -2.722194154143192102e-01 -4.651475357508976782e-01 -5.551357273151651395e-01 -5.871327288586527526e-01 -5.691864434241624693e-01 -5.354562949019611162e-01 -4.722727482716002623e-01 -4.044622107531231636e-01 -3.630156502278862329e-01 -2.963211803723525550e-01 -2.278983291612796669e-01 -2.017960261919630460e-01 -1.776409297353671035e-01 -1.722974551007255550e-01 -1.612313020909836581e-01 -2.003755139164532795e-01 -2.510387598439475787e-01 -3.602668233157228506e-01 -4.821180117115816954e-01 -5.453196373995097268e-01 -5.548641159139040546e-01 -4.611819537133841629e-01 -2.666994955866303640e-01 3.271773254202506309e-02 3.820646731499218185e-01 8.001500757094217597e-01 1.254447524507765976e+00 1.800324270391338910e+00 2.472394910940169055e+00 3.327476047260635728e+00 4.423070126195180585e+00 5.793497063272614156e+00 7.351656599375468559e+00 9.027469481641436033e+00 1.057404018885477726e+01 1.165260303854914348e+01 4.914472510762958990e+01 4.822763637010353932e+01 4.548124677539848193e+01 4.144208687446815276e+01 3.673751537465457773e+01 3.197933714443908571e+01 2.761987132370150633e+01 2.384076993574457148e+01 2.050856580080115066e+01 1.764267132576737396e+01 1.504231820128292618e+01 1.257791802738272224e+01 1.030320146725996722e+01 8.248274649675700232e+00 6.484413742078808163e+00 4.988428641424433430e+00 3.852002512850321914e+00 2.980781400423579974e+00 2.295263418456877424e+00 1.793054102437314778e+00 1.391460625936351336e+00 1.143584943351027894e+00 1.014470582465139659e+00 9.238052505547376114e-01 9.706438913644935829e-01 1.056653284021341177e+00 1.192618997815571236e+00 1.322925551358621554e+00 1.542331127118079070e+00 1.761429778191531570e+00 1.986524831466840224e+00 2.326110352164574735e+00 2.715203435166016810e+00 3.237733413542239091e+00 4.099186667649718174e+00 5.247953735367870465e+00 6.725562771064466538e+00 8.520372423664680284e+00 1.052073800666813774e+01 1.274615720208968028e+01 1.511175399012444842e+01 1.772210463914292689e+01 2.067568114986775640e+01 2.404187781208339914e+01 2.784293741563469737e+01 3.211536340573433534e+01 3.675083077381987096e+01 4.132586535361144087e+01 4.532634136632670163e+01 4.808603153366429694e+01
1.171155374912859770e+01 1.219378454916501120e+01 1.183290583530493834e+01 1.071924048129300644e+01 9.145169287056338803e+00 7.404785884534978990e+00 5.774944508418237810e+00 4.394098569275178612e+00 3.316458003280331024e+00 2.475370346308415570e+00 1.804472890342730285e+00 1.237048815046571715e+00 7.343377968308349990e-01 3.007120634040752472e-01 -5.804687431252392171e-02 -3.355826265815567977e-01 -5.067080149690054158e-01 -6.109634538992025909e-01 -6.513659004017677834e-01 -6.575588251755858371e-01 -6.159377152501795960e-01 -5.443805771908651892e-01 -4.865122679810139905e-01 -3.860715244508201582e-01 -2.734814962108912395e-01 -2.024378941777753016e-01 -1.307556830943622239e-01 -8.355963575154405631e-02 -4.261209799047354502e-02 -6.137562484220041026e-02 -1.032597388436974906e-01 -2.289614729689021522e-01 -3.805871754453230560e-01 -4.911392350953480701e-01 -5.606265154318251787e-01 -5.310090792903987555e-01 -4.060135839897437426e-01 -1.781416128365147789e-01 1.011202542857647241e-01 4.523566062510176455e-01 8.265619383284893429e-01 1.269062008898109939e+00 1.794682500151402627e+00 2.451648285451545561e+00 3.300599270382708728e+00 4.400736667383302603e+00 5.731743628881584840e+00 7.316904413669301555e+00 9.016628063981425356e+00 1.055600598283415970e+01 4.828541698171287777e+01 4.942108906811930780e+01 4.853979957300470005e+01 4.580829565401575110e+01 4.175953017168134807e+01 3.705968493795568008e+01 3.235001405739873803e+01 2.804871783067877189e+01 2.418909056493422938e+01 2.087728276690481977e+01 1.792809859192741584e+01 1.519195723177825386e+01 1.264979916697402551e+01 1.031144479545765691e+01 8.240512396749267054e+00 6.416800478175710865e+00 4.961777509741557068e+00 3.783976800212816016e+00 2.824624950838046100e+00 2.110305321222302855e+00 1.546664822716836030e+00 1.195494435869643324e+00 1.009339055380960914e+00 8.958692300187920399e-01 9.667951336064727341e-01 1.084934991727059872e+00 1.263811629113670731e+00 1.417277861030989961e+00 1.636626909365276994e+00 1.828494413992110657e+00 1.951432276977378644e+00 2.154572481350380819e+00 2.353986304721884526e+00 2.648240831425479946e+00 3.243551850827525396e+00 4.122823936144826895e+00 5.314165143343349662e+00 6.830626043649285606e+00 8.552216957836318301e+00 1.052037914709630329e+01 1.262557785550819034e+01 1.494311873889426323e+01 1.754987524610086069e+01 2.048900843752009138e+01 2.380891915156634653e+01 2.761844039110773252e+01 3.195219446718350298e+01 3.661725414872663009e+01 4.127997791879328560e+01 4.536756828448736911e+01
1.064888848611521688e+01 1.183290583530493834e+01 1.233607542544224955e+01 1.191519910399801674e+01 1.079864427531798476e+01 9.202249637377722280e+00 7.457855091746242948e+00 5.815577121122156079e+00 4.436954004664004358e+00 3.330518610331849150e+00 2.463510657432226747e+00 1.762034527045736931e+00 1.162325194872898759e+00 6.555737524423501661e-01 2.216668814659435716e-01 -1.314849891397834591e-01 -3.845500832403138114e-01 -5.678227866871722318e-01 -6.758799382959512769e-01 -7.386615042487283400e-01 -7.327551723525979055e-01 -6.752881299550386185e-01 -6.134803109093027729e-01 -4.884103735187605433e-01 -3.344721953522736824e-01 -2.127210901903090201e-01 -8.951659899350625227e-02 -7.020037123033772862e-04 6.515801809018184620e-02 6.391770540977113890e-02 2.797021267285635521e-02 -1.056194921444537360e-01 -2.721912595719840899e-01 -4.156719630111543329e-01 -5.340150379474101205e-01 -5.614327900876379118e-01 -5.017696597048089124e-01 -3.468304591860451036e-01 -1.395407589106954227e-01 1.438991598504750224e-01 4.471261600184809337e-01 8.115668757763402352e-01 1.236410979798233667e+00 1.757264795598525886e+00 2.421380008850209986e+00 3.283006060179316954e+00 4.354003098742302846e+00 5.715279532050599798e+00 7.327851390005166721e+00 9.031906973281385476e+00 4.561291672806940767e+01 4.858611813182568540e+01 4.975921870704641492e+01 4.886261057322747092e+01 4.611304879674964496e+01 4.205022630146748952e+01 3.736007792228802771e+01 3.268871666958614952e+01 2.830159625295961234e+01 2.446267327662918234e+01 2.107512730786854505e+01 1.802151171586965717e+01 1.520189309233994379e+01 1.260296370862080906e+01 1.025232945427633169e+01 8.130235474275213647e+00 6.366880888952044515e+00 4.866040575106364230e+00 3.606101403638660496e+00 2.638153755364230246e+00 1.868721173867167185e+00 1.369817244568124481e+00 1.085269010082202223e+00 9.225308322460453736e-01 9.966010470710471303e-01 1.141818520866024755e+00 1.361477182220726112e+00 1.534557898780545937e+00 1.756516104066155215e+00 1.914056374509656822e+00 1.946892421565444398e+00 2.036510038825392499e+00 2.090272419726160180e+00 2.192462388960381592e+00 2.552870657068244675e+00 3.179759794039408671e+00 4.089754204722286346e+00 5.320566353840169960e+00 6.750998716429170265e+00 8.451229396767075741e+00 1.030066597482900725e+01 1.236500070359624459e+01 1.470080255718498741e+01 1.731113705176137429e+01 2.022938712335870548e+01 2.358270075920884423e+01 2.746058050226588065e+01 3.184653851391890811e+01 3.659926060760830069e+01 4.136668396371033651e+01
9.072534527733081333e+00 1.071924048129300644e+01 1.191519910399801674e+01 1.237734406548961097e+01 1.197417343595384409e+01 1.085018085791452691e+01 9.261738575498739579e+00 7.512113203870664613e+00 5.872831914142263798e+00 4.465177067459475957e+00 3.331138830527575756e+00 2.426963624373574824e+00 1.685744201788531793e+00 1.086825146579096346e+00 5.771552656409022486e-01 1.539729620606717919e-01 -1.770136415122013085e-01 -4.409507482334404926e-01 -6.247542407927471064e-01 -7.562005250968628634e-01 -7.979568525545729374e-01 -7.679525292059291575e-01 -7.167468363594191594e-01 -5.830568480612089433e-01 -4.070882888516372811e-01 -2.540433209534893044e-01 -9.728738598963267148e-02 2.106084853193885068e-02 1.093410122473052609e-01 1.309762686064680770e-01 1.082421192633782614e-01 -1.481268577896223924e-02 -1.766793640847492408e-01 -3.351544313313056245e-01 -4.805354289446872040e-01 -5.485499336143493387e-01 -5.402847200846515596e-01 -4.511826951065527336e-01 -3.160499382502560128e-01 -1.034013963020893184e-01 1.255119715791805091e-01 4.172905115791477049e-01 7.596812171539031322e-01 1.181808015817908730e+00 1.711576419668721982e+00 2.382852767421555829e+00 3.216793763398644312e+00 4.308754571156923063e+00 5.686388006292863118e+00 7.304049321847123188e+00 4.141341368785170118e+01 4.570408091980284837e+01 4.875007910742693440e+01 4.993831706999857545e+01 4.907428844802662127e+01 4.636310423656854596e+01 4.232613561951069414e+01 3.769894904550438497e+01 3.296611092078606475e+01 2.860242445994371963e+01 2.468968725852385404e+01 2.121659511501765749e+01 1.807013168353305943e+01 1.519662827718612874e+01 1.259463131751521381e+01 1.021214558025266861e+01 8.158673138897855281e+00 6.342930239161612249e+00 4.759898251170469052e+00 3.500065353487411102e+00 2.481960835328822057e+00 1.778241906654910220e+00 1.336930077029373276e+00 1.072828994789759349e+00 1.076649509654090231e+00 1.194936224236926137e+00 1.395695590998391244e+00 1.561360160410823816e+00 1.775433544070615932e+00 1.909228677416971109e+00 1.886998139899825233e+00 1.900473280043230018e+00 1.859039648849001081e+00 1.825714309453313700e+00 2.004041081563823212e+00 2.422610743255311672e+00 3.079678864777268821e+00 4.034923190586575892e+00 5.169782908129936239e+00 6.580143987926421190e+00 8.147669038216177384e+00 9.951838504348595293e+00 1.202939132912361053e+01 1.435759347215190118e+01 1.694556701254914444e+01 1.990074713942418327e+01 2.329296539208507610e+01 2.721448218362709781e+01 3.165573956401175693e+01 3.650679978161142003e+01
7.341986881149683342e+00 9.145169287056338803e+00 1.079864427531798476e+01 1.197417343595384409e+01 1.247323571509157603e+01 1.207140321542195061e+01 1.096183449659195830e+01 9.362474170169864607e+00 7.603707090781130162e+00 5.919893041747719131e+00 4.468419611226098098e+00 3.281586168393728187e+00 2.326723084294216370e+00 1.584905798880819727e+00 9.759100905401517645e-01 4.779472348051176378e-01 7.445547278039768568e-02 -2.635478366846982223e-01 -5.158666903205226806e-01 -7.146136639741327290e-01 -8.112779634310737231e-01 -8.187048977969736407e-01 -7.863813352504830378e-01 -6.559657445095073980e-01 -4.729680493202862435e-01 -3.008322072524268753e-01 -1.223484637750756332e-01 1.653324692580857361e-02 1.244336597558404339e-01 1.684624149906897017e-01 1.589807218793440335e-01 5.158286403399069131e-02 -9.959071271043960782e-02 -2.639876512556452726e-01 -4.243590451939440178e-01 -5.206319891616808526e-01 -5.549062316211034185e-01 -5.237321085538604315e-01 -4.520914744960992659e-01 -3.064775204569428202e-01 -1.452405127979018162e-01 8.002357106759967753e-02 3.538875946527641481e-01 7.012996885992606177e-01 1.136455126655161241e+00 1.669819521776063631e+00 2.322694587037584579e+00 3.173104244989539691e+00 4.277599779640432587e+00 5.670410214170532370e+00 3.654825602125735884e+01 4.149901664334953466e+01 4.588822590620839748e+01 4.897720394994713189e+01 5.023560660320781324e+01 4.944616941015833333e+01 4.675560688407013998e+01 4.277689515765744943e+01 3.807062760697882453e+01 3.331714704369387192e+01 2.883532665492322167e+01 2.482365633638512392e+01 2.123054048080965472e+01 1.800498119527847862e+01 1.512291856261401435e+01 1.249451740370840014e+01 1.017571141466755869e+01 8.072020624765393393e+00 6.188603205736082025e+00 4.622353022155055058e+00 3.340126059562724681e+00 2.394465697184004593e+00 1.759157834125459008e+00 1.353707963517536639e+00 1.230431956266650806e+00 1.278188697157048193e+00 1.425655758113492100e+00 1.569054154074795759e+00 1.761234423560549045e+00 1.865056403030234122e+00 1.800885187158215217e+00 1.751404800938040962e+00 1.639493256754936290e+00 1.500180802047348605e+00 1.528565047536391663e+00 1.769705064275396866e+00 2.202137198817371022e+00 2.906651638686766237e+00 3.764345753462856603e+00 4.892140526848462123e+00 6.183389343393995041e+00 7.738111608686829790e+00 9.572839620114807602e+00 1.165884471647643572e+01 1.398501647881854204e+01 1.662346841165953393e+01 1.960071299168356518e+01 2.304731048103178992e+01 2.700862827045489922e+01 3.155896615121000082e+01
5.704602657578710989e+00 7.404785884534978990e+00 9.202249637377722280e+00 1.085018085791452691e+01 1.207140321542195061e+01 1.257833371900675701e+01 1.219879298292131331e+01 1.108381972518701630e+01 9.479245922181192441e+00 7.674183375181549138e+00 5.939931576973911831e+00 4.426802564830810915e+00 3.182365784270596354e+00 2.225358208556311279e+00 1.465914396106617446e+00 8.672017162440545102e-01 3.871456341502382825e-01 -1.936195618834956472e-02 -3.389334637776529324e-01 -6.039003140114053148e-01 -7.607622227073083110e-01 -8.157408786728077565e-01 -8.110684998981436689e-01 -6.982997303284013135e-01 -5.274231436822492958e-01 -3.566799120174292681e-01 -1.771102714039817505e-01 -2.805845074042114667e-02 9.952133048052888564e-02 1.669472296531109290e-01 1.818978861567335792e-01 1.062343827479893116e-01 -1.744823556626131159e-02 -1.666514668774447538e-01 -3.208320939750023415e-01 -4.293047411359973697e-01 -4.958459150063179721e-01 -5.161812658727390479e-01 -5.064102100540415208e-01 -4.312792004050006178e-01 -3.430093554762156938e-01 -1.893255461768459658e-01 1.541970604276416898e-02 2.972476433588955302e-01 6.601894928077985947e-01 1.099905688311071605e+00 1.630025032062888179e+00 2.298019499647635300e+00 3.156474328250887584e+00 4.278943667088049629e+00 3.161265300781017729e+01 3.662486756034427771e+01 4.167529484964273934e+01 4.611860623701841888e+01 4.928928154125365069e+01 5.064624471350489898e+01 4.988437747238052822e+01 4.727109111272567787e+01 4.322053511727183661e+01 3.848346508848526071e+01 3.359766402347504766e+01 2.901877985506463276e+01 2.487167947983093796e+01 2.117759602877079672e+01 1.794572083527611639e+01 1.504299795103126591e+01 1.246987576612458604e+01 1.010281054153023206e+01 7.944537506083159784e+00 6.077596220611334310e+00 4.525625741188529005e+00 3.310524631048658240e+00 2.437664198750531419e+00 1.843909302438547559e+00 1.536879608111739515e+00 1.451285576153855672e+00 1.486949965023458997e+00 1.574305039144382246e+00 1.736852646238646436e+00 1.817254081656182629e+00 1.758145947382424135e+00 1.692097764279722361e+00 1.563698770070726995e+00 1.373172324705820957e+00 1.303336691729405361e+00 1.405637124505586533e+00 1.649454724893511859e+00 2.121861577977317559e+00 2.710351830176814136e+00 3.555644184902642557e+00 4.558044152379239655e+00 5.840856994396229851e+00 7.408836504789072741e+00 9.248069136414887481e+00 1.133718196669838996e+01 1.372025907441020109e+01 1.636938106378401159e+01 1.941299435823132313e+01 2.288160820344310054e+01 2.694164764771776532e+01
4.329297365950985466e+00 5.774944508418237810e+00 7.457855091746242948e+00 9.261738575498739579e+00 1.096183449659195830e+01 1.219879298292131331e+01 1.274059408701751650e+01 1.236609822665283431e+01 1.125068527182728317e+01 9.597110681977012447e+00 7.731990029218842153e+00 5.922474855982923003e+00 4.341812858195864600e+00 3.089035688326629447e+00 2.106153092106354485e+00 1.359169443594310023e+00 7.832317158358177434e-01 3.088362417561381634e-01 -7.419059933980910737e-02 -3.952813812903281931e-01 -6.141068238986828742e-01 -7.278597937106006110e-01 -7.688096075781840621e-01 -6.963920373760058569e-01 -5.613767377052040208e-01 -4.077965949662540890e-01 -2.325403909145083436e-01 -7.009564028137661718e-02 8.454656801344545558e-02 1.782486140906151262e-01 2.179188254792595869e-01 1.678274397746681579e-01 6.485111729434961392e-02 -7.336376614218999281e-02 -2.217366219059081767e-01 -3.351812962785634675e-01 -4.224880285928335755e-01 -4.783865836966859075e-01 -5.119818879773541109e-01 -4.966375359520130983e-01 -4.692746101621037003e-01 -3.836247320792012805e-01 -2.442734107501698115e-01 -2.649021564549156396e-02 2.748639286900612100e-01 6.486120321782440357e-01 1.100402651775578944e+00 1.645986252503627290e+00 2.317883764698620563e+00 3.194043517338081895e+00 2.710142727223370684e+01 3.176809105136878486e+01 3.686717584081298327e+01 4.196853602305517228e+01 4.650544061675459773e+01 4.979810278560348280e+01 5.120788524286167842e+01 5.055179546243342514e+01 4.788360183008175142e+01 4.379970894241590429e+01 3.891820903698193490e+01 3.392275868011104478e+01 2.918568976564402817e+01 2.491219950965141550e+01 2.121696533148034547e+01 1.797407975236621880e+01 1.512830748540427628e+01 1.251694672198783209e+01 1.011601792120592869e+01 7.975417945009667164e+00 6.152298763187050490e+00 4.645907220413223015e+00 3.481895144045271451e+00 2.638279796902095686e+00 2.080722720767657741e+00 1.816394715845994767e+00 1.717767167569886899e+00 1.737839691526501529e+00 1.866989325191923399e+00 1.929142837388470699e+00 1.865592431761400993e+00 1.769449500379931317e+00 1.611540176906495647e+00 1.360276040479697857e+00 1.202458658561700533e+00 1.185739864207408623e+00 1.273664954467054189e+00 1.557551153329365778e+00 1.919021498756601884e+00 2.515365073877428248e+00 3.257405570139350726e+00 4.275255599716862420e+00 5.575366876239149505e+00 7.164209473618879720e+00 9.031434622965004877e+00 1.119382054939215010e+01 1.358954450345604670e+01 1.632285753547524010e+01 1.937521984223314675e+01 2.293273543847636020e+01
3.243803512930967692e+00 4.394098569275178612e+00 5.815577121122156079e+00 7.512113203870664613e+00 9.362474170169864607e+00 1.108381972518701630e+01 1.236609822665283431e+01 1.293508106708416783e+01 1.257532344852515749e+01 1.141903488469511707e+01 9.703182063131922774e+00 7.755311105789298054e+00 5.871150419059575576e+00 4.269509563345428305e+00 2.973446347329482986e+00 1.994957596585093640e+00 1.266415571392385919e+00 6.980672743747559084e-01 2.463286993457114715e-01 -1.215003604348691008e-01 -3.962829141032788161e-01 -5.693426867613685660e-01 -6.624455909906284967e-01 -6.443180316071889235e-01 -5.601035876868092345e-01 -4.432929168284062693e-01 -2.890750133998608029e-01 -1.249318435403996841e-01 4.906955490685831200e-02 1.677779982532238701e-01 2.383412429620134498e-01 2.199446403535484651e-01 1.438068109348681067e-01 2.490178277860963588e-02 -1.097731537000786323e-01 -2.201903071470555362e-01 -3.219373957776070494e-01 -4.059635242493895846e-01 -4.781827687243816460e-01 -5.160215280658033699e-01 -5.440893871928870196e-01 -5.207015927057586646e-01 -4.425226461413484524e-01 -2.858261894939118641e-01 -4.274730864547465065e-02 2.780137621876553333e-01 6.731676198093713426e-01 1.137749084609168682e+00 1.680440612456948202e+00 2.367635146885240349e+00 2.311186853543014053e+01 2.725604952190247943e+01 3.199640862569753352e+01 3.713685185584635917e+01 4.233531662286385711e+01 4.700324316726053553e+01 5.039622517593350182e+01 5.195328416628768053e+01 5.127971483955820275e+01 4.860085117826977807e+01 4.438410408263612794e+01 3.937825662670135785e+01 3.420463219140943067e+01 2.931657070843134960e+01 2.502777875134657037e+01 2.130556934546988757e+01 1.809882094702288668e+01 1.520540529622703296e+01 1.257877803854712617e+01 1.019612526122610419e+01 8.123022566446989501e+00 6.331787350013040161e+00 4.864548897946644246e+00 3.729319738740133783e+00 2.883657305529103265e+00 2.382003687395425562e+00 2.099130137604684698e+00 1.996636262245998328e+00 2.057836867822407712e+00 2.085790305773727482e+00 2.018691449738335919e+00 1.903670416206501903e+00 1.725458105433633538e+00 1.437208320303894782e+00 1.217434493924883787e+00 1.104544222954703114e+00 1.068210938611678928e+00 1.184038110923845144e+00 1.339752428623594893e+00 1.708441236081660985e+00 2.216367164382518684e+00 2.976260659075076642e+00 4.013437671689925601e+00 5.345053881509660876e+00 6.984764141736484078e+00 8.928379745849127858e+00 1.111208293798207869e+01 1.359957088619769827e+01 1.632641201821212817e+01 1.945511386849349478e+01
2.433435599361115198e+00 3.316458003280331024e+00 4.436954004664004358e+00 5.872831914142263798e+00 7.603707090781130162e+00 9.479245922181192441e+00 1.125068527182728317e+01 1.257532344852515749e+01 1.318162066705566815e+01 1.280091360261389433e+01 1.160148063016505660e+01 9.812739768501403503e+00 7.791105888144254088e+00 5.869666030629524300e+00 4.197948098227915814e+00 2.886758375806949939e+00 1.909959392447555304e+00 1.186217804971700041e+00 6.365821831690012811e-01 2.219624616386002558e-01 -9.720647607830797121e-02 -3.196686052706144698e-01 -4.624473810844423882e-01 -5.112370455292106763e-01 -4.908817842035743118e-01 -4.297632612646706263e-01 -3.173983625375850770e-01 -1.723434421043334996e-01 1.413587351530310073e-03 1.375404683053386146e-01 2.381918531029730279e-01 2.534910064159669463e-01 2.075432931685342597e-01 1.099952238842367286e-01 -1.142841046483664830e-02 -1.210691118202410627e-01 -2.362379379982325889e-01 -3.395853659681775660e-01 -4.382846738193229563e-01 -5.153028914546886607e-01 -5.823772915554455976e-01 -6.092939941520466585e-01 -5.823427629246226145e-01 -4.813767984701994851e-01 -2.913173269725499726e-01 -1.608126062472651704e-02 3.348677531081835079e-01 7.458753386185573708e-01 1.204154324615237304e+00 1.757769679989868106e+00 1.973234129408514548e+01 2.334222139340592150e+01 2.754742143241978880e+01 3.231727559104270142e+01 3.755309170297727661e+01 4.287959011781617846e+01 4.769156384943121196e+01 5.125892359199537651e+01 5.284925854245256005e+01 5.222151135702960545e+01 4.946816491728476706e+01 4.514500441527496832e+01 3.997653534549916543e+01 3.462790877010155555e+01 2.969276073769254509e+01 2.533340251859396375e+01 2.160945120960213828e+01 1.832782166498698473e+01 1.543088031032156771e+01 1.283012369071994385e+01 1.052334092831586787e+01 8.475061396246148959e+00 6.707109991245913783e+00 5.251303962813070214e+00 4.075525965174699117e+00 3.271840902587366706e+00 2.732249985112376045e+00 2.427933050734028875e+00 2.362566858454595131e+00 2.313284511466306093e+00 2.213648419449734561e+00 2.077179080394042643e+00 1.876944990466421270e+00 1.550715660083079150e+00 1.276457001205071329e+00 1.072186160519798426e+00 9.240001323218709484e-01 8.963776618978215316e-01 8.871198360943255423e-01 1.067263521356339284e+00 1.385384981830355633e+00 1.916869767669425517e+00 2.714691464621977524e+00 3.800679730862414729e+00 5.217079361471729015e+00 6.950477578669025824e+00 8.948289170575417728e+00 1.122959511974246105e+01 1.371436092707335597e+01 1.650970630136823303e+01
1.794395703922344820e+00 2.475370346308415570e+00 3.330518610331849150e+00 4.465177067459475957e+00 5.919893041747719131e+00 7.674183375181549138e+00 9.597110681977012447e+00 1.141903488469511707e+01 1.280091360261389433e+01 1.341580054222377072e+01 1.302344217060444365e+01 1.177279056523780199e+01 9.922417302287854568e+00 7.849868435933857747e+00 5.831596050219742366e+00 4.124823186644966277e+00 2.795931094291223218e+00 1.824015471525866738e+00 1.116390072273223844e+00 6.233122818061546111e-01 2.543814192554360587e-01 -1.584305747971251691e-02 -2.081819630061102766e-01 -3.282057951059234591e-01 -3.825151937735760677e-01 -3.906160912742306368e-01 -3.309171580912337318e-01 -2.139074966052743332e-01 -4.977499440195736619e-02 9.937394863056303596e-02 2.341818817862156288e-01 2.916007521576327588e-01 2.851037356076545071e-01 2.166412629053701966e-01 1.103267920232538779e-01 -1.771026274866829798e-03 -1.287398630324231019e-01 -2.496853310978535412e-01 -3.697891998486630416e-01 -4.731484109378598091e-01 -5.665640306174514196e-01 -6.312167399444168492e-01 -6.465556062066474263e-01 -5.984484941691295967e-01 -4.643676415163895399e-01 -2.428912967256002253e-01 5.382208782150680465e-02 4.092168259739180081e-01 8.014387142511064654e-01 1.259119216646661599e+00 1.667667771449316660e+01 1.983149239226077754e+01 2.349753575453516419e+01 2.771296884257166226e+01 3.256907989460106734e+01 3.790959756761540689e+01 4.340013023804321790e+01 4.838666478684115901e+01 5.204373330356887095e+01 5.375662691412313166e+01 5.314572695368707400e+01 5.034004795563389933e+01 4.590201485015751359e+01 4.054926686837641370e+01 3.512599741145442067e+01 3.006968662809106618e+01 2.566775913853309987e+01 2.183821514292872479e+01 1.856118884212457232e+01 1.571073254295143506e+01 1.316475598646720435e+01 1.087976607280316088e+01 8.827609930549996875e+00 7.047673519676425968e+00 5.527097848357028553e+00 4.380354783721092993e+00 3.553831794168814451e+00 3.008983564537589750e+00 2.779056368746060546e+00 2.621544279070358030e+00 2.487712960427109543e+00 2.341852161253112019e+00 2.140162959337612580e+00 1.793798167936741184e+00 1.479247020057321560e+00 1.190127393673833467e+00 9.320733313528782871e-01 7.739939408252870523e-01 6.247303307542478867e-01 6.428947646142116890e-01 8.072065165837406520e-01 1.137748427314749344e+00 1.719601573501839287e+00 2.559984470642213683e+00 3.729879815219123707e+00 5.218307463216871334e+00 6.993693484980259001e+00 9.036975281395708492e+00 1.128768866888445110e+01 1.380647121132601995e+01
1.261832813127547137e+00 1.804472890342730285e+00 2.463510657432226747e+00 3.331138830527575756e+00 4.468419611226098098e+00 5.939931576973911831e+00 7.731990029218842153e+00 9.703182063131922774e+00 1.160148063016505660e+01 1.302344217060444365e+01 1.367542393305897264e+01 1.327143992460760025e+01 1.198900256073427606e+01 1.008637840398573005e+01 7.898823335047903349e+00 5.823815025205891338e+00 4.063340233779387134e+00 2.723500562854699769e+00 1.750940347735564728e+00 1.106463748068849506e+00 6.527896545962068586e-01 3.319526197028840886e-01 9.710193045176150617e-02 -8.427924462096861302e-02 -2.096174780159825168e-01 -2.894586977640089542e-01 -2.960416074595589309e-01 -2.280375157765214267e-01 -9.357381413064756737e-02 5.800770772003770864e-02 2.167655839561441755e-01 3.144227371057398690e-01 3.487094843718674397e-01 3.162705159898889229e-01 2.293550338698315816e-01 1.224941584786161386e-01 -7.568788203205322265e-03 -1.339116544040637735e-01 -2.646775090992684598e-01 -3.772870910538937417e-01 -4.836207494494590420e-01 -5.743945455607811779e-01 -6.260107909351851907e-01 -6.313425023515844003e-01 -5.621970977647817724e-01 -4.092512329876386024e-01 -1.826091169576247175e-01 1.087300948196410350e-01 4.377493380786416366e-01 8.213086394125124201e-01 1.386439536741305822e+01 1.665609331156039019e+01 1.986996615277536193e+01 2.353460620129478187e+01 2.782754079507066436e+01 3.275639349672967882e+01 3.826065294849194487e+01 4.392941643450144795e+01 4.906891215890166791e+01 5.293717093253196282e+01 5.479356633383736153e+01 5.423351651850298083e+01 5.140462838355036013e+01 4.680679014295325402e+01 4.136332667247193484e+01 3.576294680492107148e+01 3.058965915187616957e+01 2.601475689685811687e+01 2.216573174598040552e+01 1.893473493979602296e+01 1.609529091212764484e+01 1.358540981765679412e+01 1.127761995702024400e+01 9.210383613686126125e+00 7.360196327158456953e+00 5.850487326555215084e+00 4.701540578060343201e+00 3.854176986012816997e+00 3.397770545771385819e+00 3.086203824175700383e+00 2.883606335053589209e+00 2.714715100266367198e+00 2.504581953300878627e+00 2.149497033878559282e+00 1.812206083770038001e+00 1.454330100719507746e+00 1.120462224463949719e+00 8.561421342584110139e-01 6.086014170038476223e-01 4.987532072203647027e-01 5.412041655478815327e-01 6.926423392639865506e-01 1.064660105171054472e+00 1.651459124209322171e+00 2.548469801923554101e+00 3.754924995585304792e+00 5.269571674628726221e+00 7.027357578677878358e+00 9.028112712021364672e+00 1.128805981074577858e+01
7.884568351040958101e-01 1.237048815046571715e+00 1.762034527045736931e+00 2.426963624373574824e+00 3.281586168393728187e+00 4.426802564830810915e+00 5.922474855982923003e+00 7.755311105789298054e+00 9.812739768501403503e+00 1.177279056523780199e+01 1.327143992460760025e+01 1.396438232572212534e+01 1.356657373804172018e+01 1.225058639696742802e+01 1.023072758492035383e+01 7.970220720498787159e+00 5.809304710291881335e+00 4.022894395940300960e+00 2.666964717509121119e+00 1.747146763661212132e+00 1.125930052329239928e+00 7.112370154138683009e-01 4.195845261935340353e-01 1.830718227736684300e-01 -2.319482606122717436e-03 -1.485491547446000649e-01 -2.217528778872499273e-01 -2.117076702426333723e-01 -1.174020410511303625e-01 2.044667010970947080e-02 1.892692464830392218e-01 3.196209586395406532e-01 3.851917279523040527e-01 3.853542296137725809e-01 3.182969835182475893e-01 2.213252972966747723e-01 9.811430855911094928e-02 -2.135445754904305091e-02 -1.507780286844141449e-01 -2.578626161170817221e-01 -3.657023199625739074e-01 -4.728282578807546099e-01 -5.538670317200773408e-01 -6.068052499248153264e-01 -5.973681781428291648e-01 -5.139629081438081837e-01 -3.650342216500802595e-01 -1.506786452608094296e-01 1.090987180661749378e-01 4.207852595379725225e-01 1.119654859358739252e+01 1.368947258798324640e+01 1.654179816319542340e+01 1.973478138038684904e+01 2.345751837269497386e+01 2.778496010807710448e+01 3.285876522493835949e+01 3.852450828293699914e+01 4.437452375914921987e+01 4.979119636634868584e+01 5.391440479723100054e+01 5.593890232082448932e+01 5.546934268108608279e+01 5.254379736369536857e+01 4.787474174165170382e+01 4.222212463025679341e+01 3.645208498465403579e+01 3.105588250280648310e+01 2.642947684549427123e+01 2.260301882248143102e+01 1.932369246324457635e+01 1.650605616499204586e+01 1.391930903643967632e+01 1.157272175720650331e+01 9.414076891961556726e+00 7.546006849270371575e+00 6.051495339897012826e+00 4.885700028769717207e+00 4.159732789566776390e+00 3.642427848978933902e+00 3.324385140885594669e+00 3.101309991526741694e+00 2.858854104738290935e+00 2.490318519279123066e+00 2.129077918456704133e+00 1.717342454223113268e+00 1.335424879011826604e+00 1.003171314322309771e+00 7.000620739552882998e-01 5.020179726778910556e-01 4.423207741671376092e-01 4.458604769576128279e-01 6.255839623950978368e-01 9.808235041040099800e-01 1.608671491781489937e+00 2.528201063130063098e+00 3.746797241263392308e+00 5.187090021367539272e+00 6.906088434458816927e+00 8.893239399914138588e+00
3.640392970769924519e-01 7.343377968308349990e-01 1.162325194872898759e+00 1.685744201788531793e+00 2.326723084294216370e+00 3.182365784270596354e+00 4.341812858195864600e+00 5.871150419059575576e+00 7.791105888144254088e+00 9.922417302287854568e+00 1.198900256073427606e+01 1.356657373804172018e+01 1.430924507761469577e+01 1.390465666730894689e+01 1.248638681296101360e+01 1.039111131911373143e+01 8.023357338343984679e+00 5.816987507123661416e+00 3.991769971281043716e+00 2.665332086361354325e+00 1.761517589379041793e+00 1.175299186390196260e+00 7.918631832670649517e-01 4.983331133218598663e-01 2.620820359027328239e-01 5.539808776220320891e-02 -8.487203505250816293e-02 -1.428831774613002759e-01 -1.045170686491246753e-01 1.626535868268703705e-04 1.588584614730761679e-01 3.071281303192023859e-01 4.015851009341183664e-01 4.377189361813488278e-01 3.989475832246232589e-01 3.239667683953256772e-01 2.187374715229483402e-01 1.149722433636765073e-01 -5.258536263118868993e-03 -1.027073648595402955e-01 -2.086404762867172802e-01 -3.273994864423835915e-01 -4.358044021657425660e-01 -5.310381898386090649e-01 -5.778378730592167445e-01 -5.630747751290910985e-01 -4.898140072685155388e-01 -3.555988724039022553e-01 -1.688892586230145154e-01 6.780267778032833537e-02 8.649580123149805289e+00 1.085531020794542378e+01 1.339598010111328108e+01 1.620697575890715925e+01 1.945043762759795314e+01 2.318422391911504477e+01 2.764349290236354761e+01 3.285709840705185769e+01 3.872162163036365712e+01 4.488984200498383359e+01 5.063911128938215001e+01 5.504187562918908583e+01 5.725687302645331300e+01 5.678724188298407682e+01 5.384902915920240218e+01 4.897002572591892999e+01 4.311875221422872073e+01 3.706987638238650362e+01 3.157527032929071709e+01 2.694224102227959605e+01 2.302398786852306145e+01 1.977141939797909842e+01 1.685549801933084524e+01 1.424618990506178307e+01 1.179629498422269940e+01 9.584956828866937784e+00 7.744539466263127281e+00 6.227391018666255995e+00 5.173961434962603967e+00 4.396288908105307591e+00 3.906772690703864459e+00 3.591129900145523468e+00 3.288305200637993142e+00 2.908429870271295847e+00 2.530148890529798855e+00 2.085688515813619137e+00 1.683673418146482526e+00 1.308032975942357679e+00 9.678499447747820339e-01 6.995102581164289735e-01 5.431395678200674482e-01 4.169770878720551743e-01 4.090045206881074979e-01 5.515988519755762320e-01 9.183628838297172026e-01 1.546698570461268352e+00 2.457000299115700948e+00 3.558515953865823533e+00 4.959880861794969675e+00 6.646756919920800755e+00
3.964288435810483895e-03 3.007120634040752472e-01 6.555737524423501661e-01 1.086825146579096346e+00 1.584905798880819727e+00 2.225358208556311279e+00 3.089035688326629447e+00 4.269509563345428305e+00 5.869666030629524300e+00 7.849868435933857747e+00 1.008637840398573005e+01 1.225058639696742802e+01 1.390465666730894689e+01 1.467198591058513024e+01 1.419414509857218576e+01 1.271046196357454683e+01 1.050615837258866847e+01 8.076467201255516315e+00 5.810037445724440808e+00 3.985361581116817931e+00 2.664284049024186363e+00 1.785990469804491942e+00 1.233669496153327660e+00 8.580921934907098647e-01 5.748466717626105060e-01 3.288772717851281002e-01 1.418907968997804026e-01 2.379606347565282540e-02 1.956487098484115204e-03 5.411761380304481311e-02 1.722558826583912295e-01 3.077242953757992061e-01 4.069590003748268514e-01 4.697733164534558248e-01 4.584977982594180546e-01 4.136056860411280733e-01 3.377368589967956192e-01 2.571894900879186374e-01 1.539898019603161694e-01 7.004213322582063250e-02 -2.935664701372721688e-02 -1.524481012277250080e-01 -2.777327076477317247e-01 -4.059352677828647060e-01 -4.979001068956594445e-01 -5.442899838245722766e-01 -5.416638515984250057e-01 -4.883886941498167822e-01 -3.777609866893414381e-01 -2.196969810984162885e-01 6.358651245428227128e+00 8.276820503042618071e+00 1.053264714306713934e+01 1.303433491134260791e+01 1.589977183146191386e+01 1.913385623804429514e+01 2.297049186829361034e+01 2.752103726598783595e+01 3.290107332145684182e+01 3.905633453821467782e+01 4.555639824479480637e+01 5.163723522980398428e+01 5.628343131457436499e+01 5.860276446812920881e+01 5.819282736369191866e+01 5.507970356790987410e+01 5.001347742713401345e+01 4.385708525869760166e+01 3.767406801553952533e+01 3.212938965438110728e+01 2.736718087210411809e+01 2.347206640925053733e+01 2.010198788470171039e+01 1.718972427492596466e+01 1.446801517514700741e+01 1.197778238071957091e+01 9.824437666037969308e+00 7.977148940213058204e+00 6.574418562654408937e+00 5.499848952797909085e+00 4.755681617017400775e+00 4.270569686457982073e+00 3.845596009017821615e+00 3.418852424597036421e+00 3.009522857711541821e+00 2.551310348123982497e+00 2.146154424619891365e+00 1.746950359085054139e+00 1.389074893507759256e+00 1.061953075871218344e+00 8.210470278037688141e-01 5.875268164718588926e-01 4.168441983318023625e-01 3.805956487451415127e-01 5.129640249367127813e-01 8.697200150800978857e-01 1.478000561003728341e+00 2.245700972602692858e+00 3.317924032513714483e+00 4.675584328784769816e+00
-2.722194154143192102e-01 -5.804687431252392171e-02 2.216668814659435716e-01 5.771552656409022486e-01 9.759100905401517645e-01 1.465914396106617446e+00 2.106153092106354485e+00 2.973446347329482986e+00 4.197948098227915814e+00 5.831596050219742366e+00 7.898823335047903349e+00 1.023072758492035383e+01 1.248638681296101360e+01 1.419414509857218576e+01 1.495145293919586038e+01 1.445194866633586983e+01 1.290463441179605653e+01 1.065332936310095135e+01 8.157587195267971936e+00 5.862239846570354018e+00 4.019462765271913263e+00 2.698540083991830762e+00 1.834499454998919310e+00 1.286409253608726821e+00 9.145671110831313788e-01 6.251191959117968766e-01 4.062493433712234814e-01 2.423453308253804284e-01 1.632964483353996632e-01 1.560879580819101720e-01 2.143442582534878238e-01 3.094679834071972779e-01 3.917850059045767108e-01 4.650972649736344611e-01 4.732738749855556759e-01 4.600689286641140296e-01 4.201075528279570870e-01 3.722296555559203024e-01 2.965168975792313311e-01 2.297906802839209950e-01 1.392185418200334868e-01 1.887634810669938309e-02 -1.134157992995390163e-01 -2.592136867093304819e-01 -3.784213674831068408e-01 -4.685999009132608140e-01 -5.210483301746595686e-01 -5.371626746778210837e-01 -4.966231379927997791e-01 -4.174018901628082645e-01 4.335963817862555914e+00 5.925561737438218124e+00 7.870760151856713627e+00 1.006863757158275163e+01 1.260625570117740679e+01 1.543258570297912513e+01 1.872866210374656504e+01 2.259968417757126957e+01 2.726760065883033590e+01 3.288944189421949460e+01 3.932763110523261929e+01 4.617122542594731271e+01 5.251463650104617642e+01 5.737659433016365540e+01 5.987578890301573153e+01 5.941815854346130266e+01 5.623928967420137326e+01 5.093360636647805961e+01 4.464367237956037826e+01 3.836979722943396354e+01 3.265428752767615350e+01 2.785993800876725857e+01 2.379481660633699391e+01 2.041071025656985682e+01 1.734390617572011450e+01 1.456760999724053285e+01 1.211931377236278173e+01 9.971615281696692534e+00 8.211228431930045701e+00 6.810463223996584325e+00 5.751837103226283610e+00 5.032539125522837331e+00 4.411047312354829053e+00 3.886514076021564179e+00 3.409891525080239738e+00 2.931864208742315459e+00 2.530369939188360284e+00 2.130227686357328398e+00 1.780091587022455402e+00 1.421903649018422922e+00 1.118997289063696554e+00 8.076266785822424632e-01 5.113715841136711182e-01 3.465431525551366798e-01 2.916805642468048854e-01 4.244890830457502817e-01 7.642361936105027675e-01 1.234902522999957064e+00 1.985420644842113447e+00 2.999957881804843574e+00
