6.409186720550809291 6.182067027361042300 5.576952023547512738 4.705653074057499552 3.723627320551590181 2.773568879591123526 1.953689928301054035 1.308628202384032102 0.838813814595933738 0.518143000601039572 0.310790632517460252 0.182482495823103608 0.105768515779670766 0.061039225359795217 0.035378890679491702 0.020772917826870768 0.012459935313528252 0.007696616529564799 0.004933432015972847 0.003304530661250121 0.002327697111887888 0.001733800865358897 0.001371972852448215 0.001157626646847086 0.001044315476049163 0.001008882620960727 0.001044315476049163 0.001157626646847086 0.001371972852448215 0.001733800865358897 0.002327697111887881 0.003304530661250115 0.004933432015972851 0.007696616529564827 0.012459935313528275 0.020772917826870733 0.035378890679491702 0.061039225359795272 0.105768515779670474 0.182482495823103191 0.310790632517459919 0.518143000601037462 0.838813814595934404 1.308628202384029438 1.953689928301051593 2.773568879591122638 3.723627320551583075 4.705653074057499552 5.576952023547510962 6.182067027361039635 4.721179346611600103 4.560993207967102947 4.114552654958309574 3.471727435958829933 2.747210414068628648 2.046278172924321126 1.441389498693062654 0.965477131906093744 0.618858400303396894 0.382274520162529219 0.229294499354050912 0.134631575545590271 0.078033686783523501 0.045033399193738700 0.026101768127132996 0.015325802308303422 0.009192666479543312 0.005678394549962915 0.003639777734086592 0.002438010108071353 0.001717323780304796 0.001279160179899419 0.001012211422787298 0.000854071502341046 0.000770473010427454 0.000744331428545217 0.000770473010427454 0.000854071502341046 0.001012211422787298 0.001279160179899419 0.001717323780304791 0.002438010108071349 0.003639777734086595 0.005678394549962936 0.009192666479543327 0.015325802308303394 0.026101768127132996 0.045033399193738735 0.078033686783523279 0.134631575545589965 0.229294499354050690 0.382274520162527665 0.618858400303397338 0.965477131906091857 1.441389498693060656 2.046278172924320238 2.747210414068623319 3.471727435958829933 4.114552654958307798 4.560993207967101171 
6.182067027361042300 6.409186720550809291 6.182067027361042300 5.576952023547512738 4.705653074057497776 3.723627320551590181 2.773568879591123526 1.953689928301054035 1.308628202384031214 0.838813814595933738 0.518143000601039572 0.310790632517460252 0.182482495823103608 0.105768515779670683 0.061039225359795217 0.035378890679491730 0.020772917826870733 0.012459935313528252 0.007696616529564820 0.004933432015972860 0.003304530661250121 0.002327697111887888 0.001733800865358897 0.001371972852448218 0.001157626646847086 0.001044315476049163 0.001008882620960727 0.001044315476049163 0.001157626646847086 0.001371972852448215 0.001733800865358894 0.002327697111887881 0.003304530661250118 0.004933432015972851 0.007696616529564827 0.012459935313528242 0.020772917826870733 0.035378890679491702 0.061039225359795050 0.105768515779670474 0.182482495823103191 0.310790632517458698 0.518143000601039572 0.838813814595931406 1.308628202384029438 1.953689928301051593 2.773568879591115532 3.723627320551590181 4.705653074057493335 5.576952023547510962 4.560993207967102947 4.721179346611600103 4.560993207967102947 4.114552654958309574 3.471727435958828156 2.747210414068628648 2.046278172924321126 1.441389498693062654 0.965477131906093189 0.618858400303396894 0.382274520162529219 0.229294499354050912 0.134631575545590271 0.078033686783523432 0.045033399193738700 0.026101768127133020 0.015325802308303394 0.009192666479543312 0.005678394549962931 0.003639777734086602 0.002438010108071353 0.001717323780304796 0.001279160179899419 0.001012211422787300 0.000854071502341046 0.000770473010427454 0.000744331428545217 0.000770473010427454 0.000854071502341046 0.001012211422787298 0.001279160179899417 0.001717323780304791 0.002438010108071351 0.003639777734086595 0.005678394549962936 0.009192666479543303 0.015325802308303394 0.026101768127132996 0.045033399193738576 0.078033686783523279 0.134631575545589965 0.229294499354049774 0.382274520162529219 0.618858400303395118 0.965477131906091857 1.441389498693060656 2.046278172924315353 2.747210414068628648 3.471727435958825048 4.114552654958307798 
5.576952023547512738 6.182067027361042300 6.409186720550809291 6.182067027361042300 5.576952023547512738 4.705653074057499552 3.723627320551590181 2.773568879591123526 1.953689928301054035 1.308628202384032102 0.838813814595933738 0.518143000601040016 0.310790632517460252 0.182482495823103441 0.105768515779670766 0.061039225359795321 0.035378890679491674 0.020772917826870695 0.012459935313528252 0.007696616529564820 0.004933432015972847 0.003304530661250115 0.002327697111887888 0.001733800865358897 0.001371972852448215 0.001157626646847086 0.001044315476049163 0.001008882620960727 0.001044315476049163 0.001157626646847086 0.001371972852448215 0.001733800865358897 0.002327697111887890 0.003304530661250121 0.004933432015972851 0.007696616529564799 0.012459935313528242 0.020772917826870733 0.035378890679491577 0.061039225359795050 0.105768515779670474 0.182482495823102525 0.310790632517459919 0.518143000601037462 0.838813814595931406 1.308628202384029438 1.953689928301046930 2.773568879591122638 3.723627320551583075 4.705653074057493335 4.114552654958309574 4.560993207967102947 4.721179346611600103 4.560993207967102947 4.114552654958309574 3.471727435958829933 2.747210414068628648 2.046278172924321126 1.441389498693062654 0.965477131906093744 0.618858400303396894 0.382274520162529552 0.229294499354050912 0.134631575545590160 0.078033686783523501 0.045033399193738770 0.026101768127132975 0.015325802308303367 0.009192666479543312 0.005678394549962931 0.003639777734086592 0.002438010108071349 0.001717323780304796 0.001279160179899419 0.001012211422787298 0.000854071502341046 0.000770473010427454 0.000744331428545217 0.000770473010427454 0.000854071502341046 0.001012211422787298 0.001279160179899419 0.001717323780304798 0.002438010108071353 0.003639777734086595 0.005678394549962915 0.009192666479543303 0.015325802308303394 0.026101768127132906 0.045033399193738576 0.078033686783523279 0.134631575545589466 0.229294499354050690 0.382274520162527665 0.618858400303395118 0.965477131906091857 1.441389498693057325 2.046278172924320238 2.747210414068623319 3.471727435958825048 
4.705653074057499552 5.576952023547512738 6.182067027361042300 6.409186720550809291 6.182067027361042300 5.576952023547512738 4.705653074057499552 3.723627320551590181 2.773568879591122638 1.953689928301054035 1.308628202384032102 0.838813814595933738 0.518143000601040016 0.310790632517460252 0.182482495823103441 0.105768515779670766 0.061039225359795217 0.035378890679491674 0.020772917826870733 0.012459935313528264 0.007696616529564820 0.004933432015972847 0.003304530661250121 0.002327697111887892 0.001733800865358897 0.001371972852448215 0.001157626646847086 0.001044315476049163 0.001008882620960727 0.001044315476049163 0.001157626646847086 0.001371972852448215 0.001733800865358897 0.002327697111887890 0.003304530661250121 0.004933432015972851 0.007696616529564827 0.012459935313528275 0.020772917826870733 0.035378890679491702 0.061039225359795272 0.105768515779670474 0.182482495823103941 0.310790632517459919 0.518143000601039572 0.838813814595934404 1.308628202384029438 1.953689928301057366 2.773568879591122638 3.723627320551590181 3.471727435958829933 4.114552654958309574 4.560993207967102947 4.721179346611600103 4.560993207967102947 4.114552654958309574 3.471727435958829933 2.747210414068628648 2.046278172924320238 1.441389498693062654 0.965477131906093744 0.618858400303396894 0.382274520162529552 0.229294499354050912 0.134631575545590160 0.078033686783523501 0.045033399193738700 0.026101768127132975 0.015325802308303394 0.009192666479543319 0.005678394549962931 0.003639777734086592 0.002438010108071353 0.001717323780304799 0.001279160179899419 0.001012211422787298 0.000854071502341046 0.000770473010427454 0.000744331428545217 0.000770473010427454 0.000854071502341046 0.001012211422787298 0.001279160179899419 0.001717323780304798 0.002438010108071353 0.003639777734086595 0.005678394549962936 0.009192666479543327 0.015325802308303394 0.026101768127132996 0.045033399193738735 0.078033686783523279 0.134631575545590521 0.229294499354050690 0.382274520162529219 0.618858400303397338 0.965477131906091857 1.441389498693064875 2.046278172924320238 2.747210414068628648 
3.723627320551590181 4.705653074057497776 5.576952023547512738 6.182067027361042300 6.409186720550809291 6.182067027361042300 5.576952023547516291 4.705653074057499552 3.723627320551590181 2.773568879591123526 1.953689928301054035 1.308628202384032768 0.838813814595934404 0.518143000601039572 0.310790632517460252 0.182482495823103746 0.105768515779670683 0.061039225359795161 0.035378890679491702 0.020772917826870768 0.012459935313528252 0.007696616529564799 0.004933432015972860 0.003304530661250121 0.002327697111887888 0.001733800865358897 0.001371972852448215 0.001157626646847086 0.001044315476049163 0.001008882620960727 0.001044315476049163 0.001157626646847086 0.001371972852448215 0.001733800865358897 0.002327697111887892 0.003304530661250118 0.004933432015972851 0.007696616529564827 0.012459935313528242 0.020772917826870733 0.035378890679491702 0.061039225359795050 0.105768515779670863 0.182482495823103191 0.310790632517459919 0.518143000601039572 0.838813814595931406 1.308628202384033434 1.953689928301051593 2.773568879591122638 2.747210414068628648 3.471727435958828156 4.114552654958309574 4.560993207967102947 4.721179346611600103 4.560993207967102947 4.114552654958311351 3.471727435958829933 2.747210414068628648 2.046278172924321126 1.441389498693062654 0.965477131906094188 0.618858400303397338 0.382274520162529219 0.229294499354050912 0.134631575545590382 0.078033686783523432 0.045033399193738659 0.026101768127132996 0.015325802308303422 0.009192666479543312 0.005678394549962915 0.003639777734086602 0.002438010108071353 0.001717323780304796 0.001279160179899419 0.001012211422787298 0.000854071502341046 0.000770473010427454 0.000744331428545217 0.000770473010427454 0.000854071502341046 0.001012211422787298 0.001279160179899419 0.001717323780304799 0.002438010108071351 0.003639777734086595 0.005678394549962936 0.009192666479543303 0.015325802308303394 0.026101768127132996 0.045033399193738576 0.078033686783523556 0.134631575545589965 0.229294499354050690 0.382274520162529219 0.618858400303395118 0.965477131906094743 1.441389498693060656 2.046278172924320238 
2.773568879591123526 3.723627320551590181 4.705653074057499552 5.576952023547512738 6.182067027361042300 6.409186720550809291 6.182067027361042300 5.576952023547512738 4.705653074057497776 3.723627320551590181 2.773568879591123526 1.953689928301054035 1.308628202384032768 0.838813814595933738 0.518143000601039572 0.310790632517460530 0.182482495823103441 0.105768515779670572 0.061039225359795217 0.035378890679491730 0.020772917826870733 0.012459935313528252 0.007696616529564820 0.004933432015972860 0.003304530661250121 0.002327697111887888 0.001733800865358897 0.001371972852448215 0.001157626646847086 0.001044315476049163 0.001008882620960727 0.001044315476049163 0.001157626646847086 0.001371972852448215 0.001733800865358897 0.002327697111887888 0.003304530661250118 0.004933432015972851 0.007696616529564799 0.012459935313528242 0.020772917826870733 0.035378890679491577 0.061039225359795272 0.105768515779670474 0.182482495823103191 0.310790632517459919 0.518143000601037462 0.838813814595934404 1.308628202384029438 1.953689928301051593 2.046278172924321126 2.747210414068628648 3.471727435958829933 4.114552654958309574 4.560993207967102947 4.721179346611600103 4.560993207967102947 4.114552654958309574 3.471727435958828156 2.747210414068628648 2.046278172924321126 1.441389498693062654 0.965477131906094188 0.618858400303396894 0.382274520162529219 0.229294499354051134 0.134631575545590160 0.078033686783523348 0.045033399193738700 0.026101768127133020 0.015325802308303394 0.009192666479543312 0.005678394549962931 0.003639777734086602 0.002438010108071353 0.001717323780304796 0.001279160179899419 0.001012211422787298 0.000854071502341046 0.000770473010427454 0.000744331428545217 0.000770473010427454 0.000854071502341046 0.001012211422787298 0.001279160179899419 0.001717323780304796 0.002438010108071351 0.003639777734086595 0.005678394549962915 0.009192666479543303 0.015325802308303394 0.026101768127132906 0.045033399193738735 0.078033686783523279 0.134631575545589965 0.229294499354050690 0.382274520162527665 0.618858400303397338 0.965477131906091857 1.441389498693060656 
1.953689928301054035 2.773568879591123526 3.723627320551590181 4.705653074057499552 5.576952023547516291 6.182067027361042300 6.409186720550809291 6.182067027361042300 5.576952023547512738 4.705653074057497776 3.723627320551590181 2.773568879591123526 1.953689928301054035 1.308628202384031214 0.838813814595933738 0.518143000601040016 0.310790632517459919 0.182482495823103191 0.105768515779670683 0.061039225359795272 0.035378890679491702 0.020772917826870733 0.012459935313528252 0.007696616529564834 0.004933432015972860 0.003304530661250121 0.002327697111887888 0.001733800865358897 0.001371972852448215 0.001157626646847086 0.001044315476049163 0.001008882620960727 0.001044315476049163 0.001157626646847086 0.001371972852448215 0.001733800865358897 0.002327697111887888 0.003304530661250118 0.004933432015972838 0.007696616529564799 0.012459935313528242 0.020772917826870657 0.035378890679491702 0.061039225359795050 0.105768515779670474 0.182482495823103191 0.310790632517458698 0.518143000601039572 0.838813814595931406 1.308628202384029438 1.441389498693062654 2.046278172924321126 2.747210414068628648 3.471727435958829933 4.114552654958311351 4.560993207967102947 4.721179346611600103 4.560993207967102947 4.114552654958309574 3.471727435958828156 2.747210414068628648 2.046278172924321126 1.441389498693062654 0.965477131906093189 0.618858400303396894 0.382274520162529552 0.229294499354050690 0.134631575545589965 0.078033686783523432 0.045033399193738735 0.026101768127132996 0.015325802308303394 0.009192666479543312 0.005678394549962941 0.003639777734086602 0.002438010108071353 0.001717323780304796 0.001279160179899419 0.001012211422787298 0.000854071502341046 0.000770473010427454 0.000744331428545217 0.000770473010427454 0.000854071502341046 0.001012211422787298 0.001279160179899419 0.001717323780304796 0.002438010108071351 0.003639777734086586 0.005678394549962915 0.009192666479543303 0.015325802308303339 0.026101768127132996 0.045033399193738576 0.078033686783523279 0.134631575545589965 0.229294499354049774 0.382274520162529219 0.618858400303395118 0.965477131906091857 
1.308628202384032102 1.953689928301054035 2.773568879591123526 3.723627320551590181 4.705653074057499552 5.576952023547512738 6.182067027361042300 6.409186720550809291 6.182067027361042300 5.576952023547512738 4.705653074057499552 3.723627320551590181 2.773568879591123526 1.953689928301054035 1.308628202384032102 0.838813814595935181 0.518143000601038795 0.310790632517459531 0.182482495823103441 0.105768515779670766 0.061039225359795217 0.035378890679491674 0.020772917826870733 0.012459935313528264 0.007696616529564820 0.004933432015972847 0.003304530661250115 0.002327697111887888 0.001733800865358897 0.001371972852448215 0.001157626646847086 0.001044315476049163 0.001008882620960727 0.001044315476049163 0.001157626646847086 0.001371972852448215 0.001733800865358897 0.002327697111887890 0.003304530661250115 0.004933432015972838 0.007696616529564799 0.012459935313528188 0.020772917826870733 0.035378890679491577 0.061039225359795050 0.105768515779670474 0.182482495823102525 0.310790632517459919 0.518143000601037462 0.838813814595931406 0.965477131906093744 1.441389498693062654 2.046278172924321126 2.747210414068628648 3.471727435958829933 4.114552654958309574 4.560993207967102947 4.721179346611600103 4.560993207967102947 4.114552654958309574 3.471727435958829933 2.747210414068628648 2.046278172924321126 1.441389498693062654 0.965477131906093744 0.618858400303397893 0.382274520162528719 0.229294499354050413 0.134631575545590160 0.078033686783523501 0.045033399193738700 0.026101768127132975 0.015325802308303394 0.009192666479543319 0.005678394549962931 0.003639777734086592 0.002438010108071349 0.001717323780304796 0.001279160179899419 0.001012211422787298 0.000854071502341046 0.000770473010427454 0.000744331428545217 0.000770473010427454 0.000854071502341046 0.001012211422787298 0.001279160179899419 0.001717323780304798 0.002438010108071349 0.003639777734086586 0.005678394549962915 0.009192666479543263 0.015325802308303394 0.026101768127132906 0.045033399193738576 0.078033686783523279 0.134631575545589466 0.229294499354050690 0.382274520162527665 0.618858400303395118 
0.838813814595933738 1.308628202384031214 1.953689928301054035 2.773568879591122638 3.723627320551590181 4.705653074057497776 5.576952023547512738 6.182067027361042300 6.409186720550809291 6.182067027361042300 5.576952023547516291 4.705653074057499552 3.723627320551591957 2.773568879591123526 1.953689928301054035 1.308628202384033434 0.838813814595933738 0.518143000601038795 0.310790632517460252 0.182482495823103746 0.105768515779670766 0.061039225359795217 0.035378890679491730 0.020772917826870768 0.012459935313528264 0.007696616529564820 0.004933432015972847 0.003304530661250121 0.002327697111887888 0.001733800865358897 0.001371972852448218 0.001157626646847086 0.001044315476049163 0.001008882620960727 0.001044315476049163 0.001157626646847086 0.001371972852448215 0.001733800865358897 0.002327697111887881 0.003304530661250115 0.004933432015972851 0.007696616529564799 0.012459935313528275 0.020772917826870733 0.035378890679491577 0.061039225359795272 0.105768515779670474 0.182482495823103941 0.310790632517459919 0.518143000601037462 0.618858400303396894 0.965477131906093189 1.441389498693062654 2.046278172924320238 2.747210414068628648 3.471727435958828156 4.114552654958309574 4.560993207967102947 4.721179346611600103 4.560993207967102947 4.114552654958311351 3.471727435958829933 2.747210414068629980 2.046278172924321126 1.441389498693062654 0.965477131906094743 0.618858400303396894 0.382274520162528719 0.229294499354050912 0.134631575545590382 0.078033686783523501 0.045033399193738700 0.026101768127133020 0.015325802308303422 0.009192666479543319 0.005678394549962931 0.003639777734086592 0.002438010108071353 0.001717323780304796 0.001279160179899419 0.001012211422787300 0.000854071502341046 0.000770473010427454 0.000744331428545217 0.000770473010427454 0.000854071502341046 0.001012211422787298 0.001279160179899419 0.001717323780304791 0.002438010108071349 0.003639777734086595 0.005678394549962915 0.009192666479543327 0.015325802308303394 0.026101768127132906 0.045033399193738735 0.078033686783523279 0.134631575545590521 0.229294499354050690 0.382274520162527665 
0.518143000601039572 0.838813814595933738 1.308628202384032102 1.953689928301054035 2.773568879591123526 3.723627320551590181 4.705653074057497776 5.576952023547512738 6.182067027361042300 6.409186720550809291 6.182067027361042300 5.576952023547516291 4.705653074057499552 3.723627320551590181 2.773568879591123526 1.953689928301056478 1.308628202384031214 0.838813814595933405 0.518143000601039572 0.310790632517460530 0.182482495823103608 0.105768515779670683 0.061039225359795272 0.035378890679491765 0.020772917826870768 0.012459935313528252 0.007696616529564799 0.004933432015972860 0.003304530661250121 0.002327697111887888 0.001733800865358900 0.001371972852448218 0.001157626646847086 0.001044315476049163 0.001008882620960727 0.001044315476049163 0.001157626646847086 0.001371972852448215 0.001733800865358897 0.002327697111887888 0.003304530661250118 0.004933432015972838 0.007696616529564827 0.012459935313528242 0.020772917826870733 0.035378890679491702 0.061039225359795050 0.105768515779670863 0.182482495823103191 0.310790632517459919 0.382274520162529219 0.618858400303396894 0.965477131906093744 1.441389498693062654 2.046278172924321126 2.747210414068628648 3.471727435958828156 4.114552654958309574 4.560993207967102947 4.721179346611600103 4.560993207967102947 4.114552654958311351 3.471727435958829933 2.747210414068628648 2.046278172924321126 1.441389498693064430 0.965477131906093189 0.618858400303396561 0.382274520162529219 0.229294499354051134 0.134631575545590271 0.078033686783523432 0.045033399193738735 0.026101768127133045 0.015325802308303422 0.009192666479543312 0.005678394549962915 0.003639777734086602 0.002438010108071353 0.001717323780304796 0.001279160179899421 0.001012211422787300 0.000854071502341046 0.000770473010427454 0.000744331428545217 0.000770473010427454 0.000854071502341046 0.001012211422787298 0.001279160179899419 0.001717323780304796 0.002438010108071351 0.003639777734086586 0.005678394549962936 0.009192666479543303 0.015325802308303394 0.026101768127132996 0.045033399193738576 0.078033686783523556 0.134631575545589965 0.229294499354050690 
0.310790632517460252 0.518143000601039572 0.838813814595933738 1.308628202384032102 1.953689928301054035 2.773568879591123526 3.723627320551590181 4.705653074057499552 5.576952023547516291 6.182067027361042300 6.409186720550809291 6.182067027361042300 5.576952023547516291 4.705653074057497776 3.723627320551590181 2.773568879591124858 1.953689928301053369 1.308628202384030326 0.838813814595933738 0.518143000601040016 0.310790632517460252 0.182482495823103441 0.105768515779670766 0.061039225359795321 0.035378890679491730 0.020772917826870733 0.012459935313528252 0.007696616529564820 0.004933432015972847 0.003304530661250115 0.002327697111887892 0.001733800865358897 0.001371972852448215 0.001157626646847086 0.001044315476049163 0.001008882620960727 0.001044315476049163 0.001157626646847086 0.001371972852448215 0.001733800865358897 0.002327697111887888 0.003304530661250109 0.004933432015972851 0.007696616529564799 0.012459935313528242 0.020772917826870733 0.035378890679491577 0.061039225359795272 0.105768515779670474 0.182482495823103191 0.229294499354050912 0.382274520162529219 0.618858400303396894 0.965477131906093744 1.441389498693062654 2.046278172924321126 2.747210414068628648 3.471727435958829933 4.114552654958311351 4.560993207967102947 4.721179346611600103 4.560993207967102947 4.114552654958311351 3.471727435958828156 2.747210414068628648 2.046278172924322014 1.441389498693061988 0.965477131906092412 0.618858400303396894 0.382274520162529552 0.229294499354050912 0.134631575545590160 0.078033686783523501 0.045033399193738770 0.026101768127133020 0.015325802308303394 0.009192666479543312 0.005678394549962931 0.003639777734086592 0.002438010108071349 0.001717323780304799 0.001279160179899419 0.001012211422787298 0.000854071502341046 0.000770473010427454 0.000744331428545217 0.000770473010427454 0.000854071502341046 0.001012211422787298 0.001279160179899419 0.001717323780304796 0.002438010108071344 0.003639777734086595 0.005678394549962915 0.009192666479543303 0.015325802308303394 0.026101768127132906 0.045033399193738735 0.078033686783523279 0.134631575545589965 
0.182482495823103608 0.310790632517460252 0.518143000601040016 0.838813814595933738 1.308628202384032768 1.953689928301054035 2.773568879591123526 3.723627320551590181 4.705653074057499552 5.576952023547516291 6.182067027361042300 6.409186720550809291 6.182067027361042300 5.576952023547512738 4.705653074057497776 3.723627320551591957 2.773568879591122638 1.953689928301051593 1.308628202384031214 0.838813814595934404 0.518143000601039572 0.310790632517459919 0.182482495823103608 0.105768515779670863 0.061039225359795272 0.035378890679491702 0.020772917826870733 0.012459935313528252 0.007696616529564799 0.004933432015972838 0.003304530661250121 0.002327697111887888 0.001733800865358897 0.001371972852448215 0.001157626646847086 0.001044315476049163 0.001008882620960727 0.001044315476049163 0.001157626646847086 0.001371972852448215 0.001733800865358897 0.002327697111887881 0.003304530661250118 0.004933432015972838 0.007696616529564799 0.012459935313528242 0.020772917826870657 0.035378890679491702 0.061039225359795050 0.105768515779670474 0.134631575545590271 0.229294499354050912 0.382274520162529552 0.618858400303396894 0.965477131906094188 1.441389498693062654 2.046278172924321126 2.747210414068628648 3.471727435958829933 4.114552654958311351 4.560993207967102947 4.721179346611600103 4.560993207967102947 4.114552654958309574 3.471727435958828156 2.747210414068629980 2.046278172924320238 1.441389498693060656 0.965477131906093189 0.618858400303397338 0.382274520162529219 0.229294499354050690 0.134631575545590271 0.078033686783523556 0.045033399193738735 0.026101768127132996 0.015325802308303394 0.009192666479543312 0.005678394549962915 0.003639777734086586 0.002438010108071353 0.001717323780304796 0.001279160179899419 0.001012211422787298 0.000854071502341046 0.000770473010427454 0.000744331428545217 0.000770473010427454 0.000854071502341046 0.001012211422787298 0.001279160179899419 0.001717323780304791 0.002438010108071351 0.003639777734086586 0.005678394549962915 0.009192666479543303 0.015325802308303339 0.026101768127132996 0.045033399193738576 0.078033686783523279 
0.105768515779670766 0.182482495823103608 0.310790632517460252 0.518143000601040016 0.838813814595934404 1.308628202384032768 1.953689928301054035 2.773568879591123526 3.723627320551591957 4.705653074057499552 5.576952023547516291 6.182067027361042300 6.409186720550809291 6.182067027361039635 5.576952023547512738 4.705653074057499552 3.723627320551587960 2.773568879591120862 1.953689928301053369 1.308628202384032768 0.838813814595933738 0.518143000601038795 0.310790632517460252 0.182482495823103746 0.105768515779670766 0.061039225359795217 0.035378890679491674 0.020772917826870733 0.012459935313528252 0.007696616529564799 0.004933432015972860 0.003304530661250121 0.002327697111887885 0.001733800865358894 0.001371972852448213 0.001157626646847086 0.001044315476049163 0.001008882620960727 0.001044315476049163 0.001157626646847086 0.001371972852448215 0.001733800865358894 0.002327697111887890 0.003304530661250115 0.004933432015972851 0.007696616529564799 0.012459935313528188 0.020772917826870733 0.035378890679491577 0.061039225359795272 0.078033686783523501 0.134631575545590271 0.229294499354050912 0.382274520162529552 0.618858400303397338 0.965477131906094188 1.441389498693062654 2.046278172924321126 2.747210414068629980 3.471727435958829933 4.114552654958311351 4.560993207967102947 4.721179346611600103 4.560993207967101171 4.114552654958309574 3.471727435958829933 2.747210414068626871 2.046278172924319350 1.441389498693061988 0.965477131906094188 0.618858400303396894 0.382274520162528719 0.229294499354050912 0.134631575545590382 0.078033686783523501 0.045033399193738700 0.026101768127132975 0.015325802308303394 0.009192666479543312 0.005678394549962915 0.003639777734086602 0.002438010108071353 0.001717323780304794 0.001279160179899417 0.001012211422787296 0.000854071502341046 0.000770473010427454 0.000744331428545217 0.000770473010427454 0.000854071502341046 0.001012211422787298 0.001279160179899417 0.001717323780304798 0.002438010108071349 0.003639777734086595 0.005678394549962915 0.009192666479543263 0.015325802308303394 0.026101768127132906 0.045033399193738735 
0.061039225359795217 0.105768515779670683 0.182482495823103441 0.310790632517460252 0.518143000601039572 0.838813814595933738 1.308628202384031214 1.953689928301054035 2.773568879591123526 3.723627320551590181 4.705653074057497776 5.576952023547512738 6.182067027361039635 6.409186720550809291 6.182067027361042300 5.576952023547516291 4.705653074057497776 3.723627320551587960 2.773568879591123526 1.953689928301056478 1.308628202384032768 0.838813814595933738 0.518143000601040016 0.310790632517460752 0.182482495823103746 0.105768515779670766 0.061039225359795217 0.035378890679491730 0.020772917826870733 0.012459935313528252 0.007696616529564834 0.004933432015972860 0.003304530661250115 0.002327697111887885 0.001733800865358894 0.001371972852448215 0.001157626646847086 0.001044315476049163 0.001008882620960727 0.001044315476049163 0.001157626646847086 0.001371972852448213 0.001733800865358897 0.002327697111887881 0.003304530661250115 0.004933432015972851 0.007696616529564799 0.012459935313528275 0.020772917826870733 0.035378890679491577 0.045033399193738700 0.078033686783523432 0.134631575545590160 0.229294499354050912 0.382274520162529219 0.618858400303396894 0.965477131906093189 1.441389498693062654 2.046278172924321126 2.747210414068628648 3.471727435958828156 4.114552654958309574 4.560993207967101171 4.721179346611600103 4.560993207967102947 4.114552654958311351 3.471727435958828156 2.747210414068626871 2.046278172924321126 1.441389498693064430 0.965477131906094188 0.618858400303396894 0.382274520162529552 0.229294499354051329 0.134631575545590382 0.078033686783523501 0.045033399193738700 0.026101768127133020 0.015325802308303394 0.009192666479543312 0.005678394549962941 0.003639777734086602 0.002438010108071349 0.001717323780304794 0.001279160179899417 0.001012211422787298 0.000854071502341046 0.000770473010427454 0.000744331428545217 0.000770473010427454 0.000854071502341046 0.001012211422787296 0.001279160179899419 0.001717323780304791 0.002438010108071349 0.003639777734086595 0.005678394549962915 0.009192666479543327 0.015325802308303394 0.026101768127132906 
0.035378890679491702 0.061039225359795217 0.105768515779670766 0.182482495823103441 0.310790632517460252 0.518143000601039572 0.838813814595933738 1.308628202384032102 1.953689928301054035 2.773568879591123526 3.723627320551590181 4.705653074057497776 5.576952023547512738 6.182067027361042300 6.409186720550809291 6.182067027361042300 5.576952023547512738 4.705653074057497776 3.723627320551590181 2.773568879591124858 1.953689928301054035 1.308628202384031214 0.838813814595934404 0.518143000601040460 0.310790632517460530 0.182482495823103608 0.105768515779670683 0.061039225359795272 0.035378890679491702 0.020772917826870733 0.012459935313528285 0.007696616529564834 0.004933432015972838 0.003304530661250112 0.002327697111887881 0.001733800865358897 0.001371972852448215 0.001157626646847086 0.001044315476049163 0.001008882620960727 0.001044315476049163 0.001157626646847086 0.001371972852448215 0.001733800865358897 0.002327697111887888 0.003304530661250118 0.004933432015972838 0.007696616529564827 0.012459935313528242 0.020772917826870733 0.026101768127132996 0.045033399193738700 0.078033686783523501 0.134631575545590160 0.229294499354050912 0.382274520162529219 0.618858400303396894 0.965477131906093744 1.441389498693062654 2.046278172924321126 2.747210414068628648 3.471727435958828156 4.114552654958309574 4.560993207967102947 4.721179346611600103 4.560993207967102947 4.114552654958309574 3.471727435958828156 2.747210414068628648 2.046278172924322014 1.441389498693062654 0.965477131906093189 0.618858400303397338 0.382274520162529885 0.229294499354051134 0.134631575545590271 0.078033686783523432 0.045033399193738735 0.026101768127132996 0.015325802308303394 0.009192666479543336 0.005678394549962941 0.003639777734086586 0.002438010108071346 0.001717323780304791 0.001279160179899419 0.001012211422787298 0.000854071502341046 0.000770473010427454 0.000744331428545217 0.000770473010427454 0.000854071502341046 0.001012211422787298 0.001279160179899419 0.001717323780304796 0.002438010108071351 0.003639777734086586 0.005678394549962936 0.009192666479543303 0.015325802308303394 
0.020772917826870768 0.035378890679491730 0.061039225359795321 0.105768515779670766 0.182482495823103746 0.310790632517460530 0.518143000601040016 0.838813814595935181 1.308628202384033434 1.953689928301056478 2.773568879591124858 3.723627320551591957 4.705653074057499552 5.576952023547516291 6.182067027361042300 6.409186720550809291 6.182067027361039635 5.576952023547510962 4.705653074057497776 3.723627320551590181 2.773568879591122638 1.953689928301051593 1.308628202384031214 0.838813814595934404 0.518143000601039572 0.310790632517459919 0.182482495823103191 0.105768515779670683 0.061039225359795161 0.035378890679491640 0.020772917826870768 0.012459935313528252 0.007696616529564799 0.004933432015972838 0.003304530661250112 0.002327697111887888 0.001733800865358897 0.001371972852448215 0.001157626646847086 0.001044315476049163 0.001008882620960727 0.001044315476049163 0.001157626646847086 0.001371972852448215 0.001733800865358897 0.002327697111887888 0.003304530661250109 0.004933432015972851 0.007696616529564799 0.012459935313528242 0.015325802308303422 0.026101768127133020 0.045033399193738770 0.078033686783523501 0.134631575545590382 0.229294499354051134 0.382274520162529552 0.618858400303397893 0.965477131906094743 1.441389498693064430 2.046278172924322014 2.747210414068629980 3.471727435958829933 4.114552654958311351 4.560993207967102947 4.721179346611600103 4.560993207967101171 4.114552654958307798 3.471727435958828156 2.747210414068628648 2.046278172924320238 1.441389498693060656 0.965477131906093189 0.618858400303397338 0.382274520162529219 0.229294499354050690 0.134631575545589965 0.078033686783523432 0.045033399193738659 0.026101768127132951 0.015325802308303422 0.009192666479543312 0.005678394549962915 0.003639777734086586 0.002438010108071346 0.001717323780304796 0.001279160179899419 0.001012211422787298 0.000854071502341046 0.000770473010427454 0.000744331428545217 0.000770473010427454 0.000854071502341046 0.001012211422787298 0.001279160179899419 0.001717323780304796 0.002438010108071344 0.003639777734086595 0.005678394549962915 0.009192666479543303 
0.012459935313528252 0.020772917826870733 0.035378890679491674 0.061039225359795217 0.105768515779670683 0.182482495823103441 0.310790632517459919 0.518143000601038795 0.838813814595933738 1.308628202384031214 1.953689928301053369 2.773568879591122638 3.723627320551587960 4.705653074057497776 5.576952023547512738 6.182067027361039635 6.409186720550809291 6.182067027361039635 5.576952023547516291 4.705653074057503105 3.723627320551591957 2.773568879591123526 1.953689928301056478 1.308628202384034545 0.838813814595935181 0.518143000601040016 0.310790632517460252 0.182482495823103746 0.105768515779670766 0.061039225359795217 0.035378890679491792 0.020772917826870768 0.012459935313528252 0.007696616529564799 0.004933432015972838 0.003304530661250121 0.002327697111887888 0.001733800865358897 0.001371972852448218 0.001157626646847086 0.001044315476049163 0.001008882620960727 0.001044315476049163 0.001157626646847086 0.001371972852448215 0.001733800865358897 0.002327697111887881 0.003304530661250118 0.004933432015972838 0.007696616529564799 0.009192666479543312 0.015325802308303394 0.026101768127132975 0.045033399193738700 0.078033686783523432 0.134631575545590160 0.229294499354050690 0.382274520162528719 0.618858400303396894 0.965477131906093189 1.441389498693061988 2.046278172924320238 2.747210414068626871 3.471727435958828156 4.114552654958309574 4.560993207967101171 4.721179346611600103 4.560993207967101171 4.114552654958311351 3.471727435958832153 2.747210414068629980 2.046278172924321126 1.441389498693064430 0.965477131906095520 0.618858400303397893 0.382274520162529552 0.229294499354050912 0.134631575545590382 0.078033686783523501 0.045033399193738700 0.026101768127133065 0.015325802308303422 0.009192666479543312 0.005678394549962915 0.003639777734086586 0.002438010108071353 0.001717323780304796 0.001279160179899419 0.001012211422787300 0.000854071502341046 0.000770473010427454 0.000744331428545217 0.000770473010427454 0.000854071502341046 0.001012211422787298 0.001279160179899419 0.001717323780304791 0.002438010108071351 0.003639777734086586 0.005678394549962915 
0.007696616529564799 0.012459935313528252 0.020772917826870695 0.035378890679491674 0.061039225359795161 0.105768515779670572 0.182482495823103191 0.310790632517459531 0.518143000601038795 0.838813814595933405 1.308628202384030326 1.953689928301051593 2.773568879591120862 3.723627320551587960 4.705653074057497776 5.576952023547510962 6.182067027361039635 6.409186720550809291 6.182067027361042300 5.576952023547518955 4.705653074057503105 3.723627320551591957 2.773568879591126191 1.953689928301058032 1.308628202384034545 0.838813814595935181 0.518143000601040016 0.310790632517460752 0.182482495823103746 0.105768515779670766 0.061039225359795432 0.035378890679491792 0.020772917826870733 0.012459935313528252 0.007696616529564799 0.004933432015972860 0.003304530661250121 0.002327697111887888 0.001733800865358900 0.001371972852448218 0.001157626646847086 0.001044315476049165 0.001008882620960727 0.001044315476049163 0.001157626646847086 0.001371972852448215 0.001733800865358894 0.002327697111887888 0.003304530661250109 0.004933432015972838 0.005678394549962915 0.009192666479543312 0.015325802308303367 0.026101768127132975 0.045033399193738659 0.078033686783523348 0.134631575545589965 0.229294499354050413 0.382274520162528719 0.618858400303396561 0.965477131906092412 1.441389498693060656 2.046278172924319350 2.747210414068626871 3.471727435958828156 4.114552654958307798 4.560993207967101171 4.721179346611600103 4.560993207967102947 4.114552654958313127 3.471727435958832153 2.747210414068629980 2.046278172924323346 1.441389498693065541 0.965477131906095520 0.618858400303397893 0.382274520162529552 0.229294499354051329 0.134631575545590382 0.078033686783523501 0.045033399193738853 0.026101768127133065 0.015325802308303394 0.009192666479543312 0.005678394549962915 0.003639777734086602 0.002438010108071353 0.001717323780304796 0.001279160179899421 0.001012211422787300 0.000854071502341046 0.000770473010427456 0.000744331428545217 0.000770473010427454 0.000854071502341046 0.001012211422787298 0.001279160179899417 0.001717323780304796 0.002438010108071344 0.003639777734086586 
0.004933432015972847 0.007696616529564820 0.012459935313528252 0.020772917826870733 0.035378890679491702 0.061039225359795217 0.105768515779670683 0.182482495823103441 0.310790632517460252 0.518143000601039572 0.838813814595933738 1.308628202384031214 1.953689928301053369 2.773568879591123526 3.723627320551590181 4.705653074057497776 5.576952023547516291 6.182067027361042300 6.409186720550809291 6.182067027361042300 5.576952023547516291 4.705653074057497776 3.723627320551591957 2.773568879591126191 1.953689928301056478 1.308628202384032768 0.838813814595933738 0.518143000601040016 0.310790632517460252 0.182482495823103441 0.105768515779670946 0.061039225359795321 0.035378890679491674 0.020772917826870695 0.012459935313528219 0.007696616529564820 0.004933432015972847 0.003304530661250115 0.002327697111887892 0.001733800865358897 0.001371972852448215 0.001157626646847088 0.001044315476049163 0.001008882620960727 0.001044315476049163 0.001157626646847086 0.001371972852448213 0.001733800865358897 0.002327697111887881 0.003304530661250115 0.003639777734086592 0.005678394549962931 0.009192666479543312 0.015325802308303394 0.026101768127132996 0.045033399193738700 0.078033686783523432 0.134631575545590160 0.229294499354050912 0.382274520162529219 0.618858400303396894 0.965477131906093189 1.441389498693061988 2.046278172924321126 2.747210414068628648 3.471727435958828156 4.114552654958311351 4.560993207967102947 4.721179346611600103 4.560993207967102947 4.114552654958311351 3.471727435958828156 2.747210414068629980 2.046278172924323346 1.441389498693064430 0.965477131906094188 0.618858400303396894 0.382274520162529552 0.229294499354050912 0.134631575545590160 0.078033686783523626 0.045033399193738770 0.026101768127132975 0.015325802308303367 0.009192666479543287 0.005678394549962931 0.003639777734086592 0.002438010108071349 0.001717323780304799 0.001279160179899419 0.001012211422787298 0.000854071502341048 0.000770473010427454 0.000744331428545217 0.000770473010427454 0.000854071502341046 0.001012211422787296 0.001279160179899419 0.001717323780304791 0.002438010108071349 
