5.312552940572467186e+00 5.219158331045293586e+00 4.959046219922370824e+00 4.585632714600470727e+00 4.154675256779465364e+00 3.731548501423084474e+00 3.343938218148268415e+00 3.011254072917688429e+00 2.728702581812536110e+00 2.486878568440614057e+00 2.275636497402471647e+00 2.091226850771044532e+00 1.926157120985614757e+00 1.776066359854973742e+00 1.639151931975796117e+00 1.520156708494935227e+00 1.408562146811223048e+00 1.310278221107373353e+00 1.231215048248833543e+00 1.164119008154318902e+00 1.111116270383986748e+00 1.073313963024111084e+00 1.051217417450612368e+00 1.033461526644659845e+00 1.019856441567432270e+00 1.009170763498571821e+00 1.008274790555196532e+00 1.014266105260457795e+00 1.029214187903636279e+00 1.062777056469263348e+00 1.109362977134791484e+00 1.171429656292949373e+00 1.240410029550713888e+00 1.319015142764315085e+00 1.411767475332597055e+00 1.511744748504149971e+00 1.630347793602584305e+00 1.767654158279901244e+00 1.918511514520139905e+00 2.088149825367262125e+00 2.279380805922728293e+00 2.483045620922498475e+00 2.717383263176208708e+00 2.990729911275003872e+00 3.315289786106577985e+00 3.700691756149974143e+00 4.125705889622947709e+00 4.556917319779190123e+00 4.940595187102697849e+00 5.205824115881332759e+00 9.741815177909911583e+00 9.653047197195920859e+00 9.382564799632756802e+00 8.978337190614514185e+00 8.497104524683722460e+00 7.992914095233835781e+00 7.494421689149045385e+00 7.020581860970283472e+00 6.578749842844221263e+00 6.162773142549363037e+00 5.772996844279813189e+00 5.409272594972092563e+00 5.065517060315640308e+00 4.748055565804488509e+00 4.450433367774953020e+00 4.172217611774291512e+00 3.921698747974837751e+00 3.693022764829584137e+00 3.496086011163958229e+00 3.325855604383967545e+00 3.192071679288710939e+00 3.081761158646652010e+00 3.003611042498179007e+00 2.943618792340933599e+00 2.909555132925856213e+00 2.895305711745502109e+00 2.898059547838125471e+00 2.928550509135552371e+00 2.987428728185385296e+00 3.068349126881690481e+00 3.183918243213743171e+00 3.324381169182201834e+00 3.490653518575593584e+00 3.682751796801593258e+00 3.899286256093291492e+00 4.145794565211076588e+00 4.417910210875023225e+00 4.716946393685320871e+00 5.042929428724645113e+00 5.391203543297771184e+00 5.756597121494535507e+00 6.142691443289240993e+00 6.550054574885209924e+00 6.983524248361735687e+00 7.445948380060962712e+00 7.947568798177467642e+00 8.456331782139162812e+00 8.948634295623540069e+00 9.360234503927905791e+00 9.642513215073815758e+00
5.219158331045293586e+00 5.323662019284603808e+00 5.227149396076996801e+00 4.971924520218848009e+00 4.595343477257110898e+00 4.168061497768728252e+00 3.739962351990114175e+00 3.351632249645007722e+00 3.016034222642644647e+00 2.732349409332788248e+00 2.490653038576868372e+00 2.284848860122772329e+00 2.102173006617693574e+00 1.935630682759743593e+00 1.781953064559236077e+00 1.646376822616372193e+00 1.518106564124410696e+00 1.403749682025072554e+00 1.309273546946248645e+00 1.228225044348085104e+00 1.161960080133495055e+00 1.111849492295066577e+00 1.078157424189259306e+00 1.050766113525224199e+00 1.028860378997553893e+00 1.011249427715004812e+00 1.004063319193282622e+00 1.004416317833947581e+00 1.012019878916557314e+00 1.037952580490965060e+00 1.075435875173021527e+00 1.127522147414300679e+00 1.184458295538124650e+00 1.249713992451977340e+00 1.326996782336935965e+00 1.409959680415238559e+00 1.510812051252606869e+00 1.631286983122659517e+00 1.766610367060830411e+00 1.921514052454740051e+00 2.098126135258488123e+00 2.282203279634571480e+00 2.489614313681886237e+00 2.724050673594831995e+00 2.997543933572790475e+00 3.327919913636499416e+00 3.710839986369192989e+00 4.135599509540497820e+00 4.569928901469575422e+00 4.950445150356798329e+00 9.657620386134960100e+00 9.764354343356549393e+00 9.673170711808761979e+00 9.403476290690779393e+00 8.999426091957156260e+00 8.519649784213068955e+00 8.009652464879073008e+00 7.506504650854013860e+00 7.031206522603388187e+00 6.585968259844303674e+00 6.172532435814821916e+00 5.788627778205646557e+00 5.423733745173563214e+00 5.084056534244957959e+00 4.762005761219104016e+00 4.456383059889508225e+00 4.176608575255581712e+00 3.918934458257783415e+00 3.692857738297984138e+00 3.493099082197892447e+00 3.331420686478294257e+00 3.194100685747635282e+00 3.089181289358122307e+00 3.003974966699955118e+00 2.946680963491881577e+00 2.910099153427358143e+00 2.891595193090177318e+00 2.900283991855977295e+00 2.935532003517100641e+00 2.992287900381191523e+00 3.083402866761211669e+00 3.198105567715487485e+00 3.338386571127839986e+00 3.504033902012370749e+00 3.692139061083490326e+00 3.910642123089028033e+00 4.154773426555186333e+00 4.426752431206103289e+00 4.729302445953542211e+00 5.056892368884340350e+00 5.404623247556239463e+00 5.772205181864899615e+00 6.158747946724498767e+00 6.565647783705810703e+00 6.996946651216529922e+00 7.469822759686467251e+00 7.965963262281782420e+00 8.480795814534817012e+00 8.966679354161326998e+00 9.380925556882235838e+00
4.959046219922370824e+00 5.227149396076996801e+00 5.329579497153993373e+00 5.239361384786675124e+00 4.981781306818364286e+00 4.607574302334056071e+00 4.175742128304811729e+00 3.746074934483815788e+00 3.354830143328577652e+00 3.018913831348439381e+00 2.735950972605437403e+00 2.501265449485715386e+00 2.298064308748029472e+00 2.115338750930073619e+00 1.946870814717426290e+00 1.795777213904979686e+00 1.651032580130937788e+00 1.519804611536401895e+00 1.407317467552020140e+00 1.309649539292145892e+00 1.227221040686423237e+00 1.162191188520886431e+00 1.115143428951218763e+00 1.077099821681122949e+00 1.046282289759797424e+00 1.021253281718990102e+00 1.007420720813521520e+00 1.002364958130513184e+00 1.002978704343460814e+00 1.022119052317870036e+00 1.051502349242260381e+00 1.094373029443798995e+00 1.140567472669795857e+00 1.194238577675066360e+00 1.257875041254243209e+00 1.325739100889130162e+00 1.409638087989945499e+00 1.513251079379237973e+00 1.631656891852958147e+00 1.769902227706577236e+00 1.931056932478150800e+00 2.098009812544970210e+00 2.285254988679542798e+00 2.491479315420094487e+00 2.724369573492870789e+00 3.003232750266835449e+00 3.331255748507933490e+00 3.713763329687508108e+00 4.142427148353509558e+00 4.574611632016892138e+00 9.390182908726249167e+00 9.675830500513404431e+00 9.781751524965711653e+00 9.692069215151800421e+00 9.423023926191662625e+00 9.020492505136850525e+00 8.535858972664495781e+00 8.021420450637007704e+00 7.516975165676372583e+00 7.039988310199955635e+00 6.599281615182960081e+00 6.193864400723104069e+00 5.809440756247457038e+00 5.451159450449188704e+00 5.108414389679585277e+00 4.779040373940523168e+00 4.471809577477135811e+00 4.185539042657733688e+00 3.928902757020918290e+00 3.697314898397107807e+00 3.505332908043267359e+00 3.338305968660213008e+00 3.205181961985410499e+00 3.093589195657271418e+00 3.011809795698988879e+00 2.951850709985068821e+00 2.911420135344013449e+00 2.897551097290807398e+00 2.909340368111541064e+00 2.942172860423710734e+00 3.009282361175329878e+00 3.099071845207900022e+00 3.213878747012672399e+00 3.353690681937561813e+00 3.513987918003401489e+00 3.704390951852778890e+00 3.919660260542778385e+00 4.162453722490511154e+00 4.438138731366534806e+00 4.740612168067873888e+00 5.066710028184050252e+00 5.413700582983766552e+00 5.780508724820803579e+00 6.165073308036585154e+00 6.568931332309375648e+00 7.010232118553812342e+00 7.478195232671597026e+00 7.980082028812039319e+00 8.489797179733511001e+00 8.979756301544034258e+00
4.585632714600470727e+00 4.971924520218848009e+00 5.239361384786675124e+00 5.348703871101555762e+00 5.256033645030923296e+00 4.999207835274169121e+00 4.619855587946744890e+00 4.184953954178426194e+00 3.751248194527235125e+00 3.359122369935968244e+00 3.023229405132456638e+00 2.747123805857616841e+00 2.514715208603719443e+00 2.311986930902962367e+00 2.128167389932576814e+00 1.962382298019898164e+00 1.801867362655602323e+00 1.653635276419691325e+00 1.521796990153733597e+00 1.405511032734652499e+00 1.305132308012826092e+00 1.224183612283125333e+00 1.163231327201042387e+00 1.114929355064895100e+00 1.076003551593057717e+00 1.044283854647006349e+00 1.023755038516490856e+00 1.012454107797184477e+00 1.006048341334681018e+00 1.017838043418393346e+00 1.039459269562100774e+00 1.073395678697281364e+00 1.110001545448950688e+00 1.153417895676394744e+00 1.205107149808914535e+00 1.259221139776522724e+00 1.327709796061753211e+00 1.414591983955131971e+00 1.515299884581363221e+00 1.635476655828074222e+00 1.779689778539585765e+00 1.929355932666830142e+00 2.099249625874337610e+00 2.284756695709099450e+00 2.488309081495978070e+00 2.726840166828723877e+00 3.003843940693693870e+00 3.331836336480844984e+00 3.719621877997942860e+00 4.148340537999404276e+00 8.995545147988860180e+00 9.415808315631899461e+00 9.702342769279008294e+00 9.809660027576480701e+00 9.720776145305046967e+00 9.452227256831854163e+00 9.044856722143187255e+00 8.554502331454829189e+00 8.037511531085067773e+00 7.531147493545061522e+00 7.058158308871986364e+00 6.624938662237877196e+00 6.217551461602842444e+00 5.840557601452530001e+00 5.479503517910879751e+00 5.129655226221772502e+00 4.797948520089233782e+00 4.484549072300726635e+00 4.197349592737661617e+00 3.932991413257263869e+00 3.709052515907808711e+00 3.511802212051799987e+00 3.350146937957031223e+00 3.212548244585516688e+00 3.107217621831833920e+00 3.024493778307884906e+00 2.962396880416053868e+00 2.925716823542539480e+00 2.913718011586481804e+00 2.922252430898839126e+00 2.965162568876616334e+00 3.030645198422736719e+00 3.120699156135934960e+00 3.235604894889508198e+00 3.368988273996916138e+00 3.531938178405174877e+00 3.718313436992501053e+00 3.931053351243579019e+00 4.177433850034492302e+00 4.451552551814635272e+00 4.751589272238915029e+00 5.074718361417803969e+00 5.420735286870964842e+00 5.785553488508151432e+00 6.167286036322657594e+00 6.581585169970728622e+00 7.019451532713429920e+00 7.492456665868229670e+00 7.992032168906592737e+00 8.507224751035264987e+00
4.154675256779465364e+00 4.595343477257110898e+00 4.981781306818364286e+00 5.256033645030923296e+00 5.363058878944392482e+00 5.270334966606231575e+00 5.008238391885289964e+00 4.625694702479443698e+00 4.187015213900842525e+00 3.753778599589175702e+00 3.363435966087620521e+00 3.035760251570471802e+00 2.763472148793325811e+00 2.533162412421341436e+00 2.330122065031650980e+00 2.148451358697522462e+00 1.972271908670221618e+00 1.807204777820468067e+00 1.655976873356637569e+00 1.520807402223856464e+00 1.402040666873806796e+00 1.304821155425731627e+00 1.229658387947842213e+00 1.170472923471089333e+00 1.121929389532162702e+00 1.081945168855423800e+00 1.053139153503879877e+00 1.033855206782115177e+00 1.019262544259590619e+00 1.022291371645746905e+00 1.034961818944459155e+00 1.058479924635574276e+00 1.085061311004783979e+00 1.118444837771234157e+00 1.159340335655274723e+00 1.201784553876621198e+00 1.256795003398528010e+00 1.328871232926246426e+00 1.413035450550611083e+00 1.515677473405752540e+00 1.642330512093191697e+00 1.774355795151859150e+00 1.927379039965846586e+00 2.095181230103491110e+00 2.276091593074373698e+00 2.484637110287205353e+00 2.720818906944890703e+00 2.997420349636485071e+00 3.330868506432244747e+00 3.720492633297510565e+00 8.515996303835180470e+00 9.014796883239165837e+00 9.437586756073454097e+00 9.725737343333657137e+00 9.835208890382379110e+00 9.746722742303063569e+00 9.474739287716690939e+00 9.061263541612795791e+00 8.569074667359512176e+00 8.052494062868845504e+00 7.551886583121663499e+00 7.088408069179535254e+00 6.654192943576862085e+00 6.256573994801766680e+00 5.877279327816460786e+00 5.509487704982554135e+00 5.156054203411528647e+00 4.817740010826066843e+00 4.502018944649504029e+00 4.206169148380277001e+00 3.950888016068754727e+00 3.723772646669437858e+00 3.533004942438734641e+00 3.368969034103312499e+00 3.238274738279121490e+00 3.131003404171024851e+00 3.045036971290767003e+00 2.983705699447727344e+00 2.946559296129335426e+00 2.929411052326856613e+00 2.946200991052676077e+00 2.986355239150655816e+00 3.050535413423213882e+00 3.139619888847974050e+00 3.246596589110177344e+00 3.382240862995554043e+00 3.540357846221998894e+00 3.723501996460827801e+00 3.940070220695686576e+00 4.183784421596465464e+00 4.455067439052359468e+00 4.751609397690518932e+00 5.073827317655142721e+00 5.418362165018295151e+00 5.779594666518601542e+00 6.171123151498685289e+00 6.582174038229476665e+00 7.022860918873096381e+00 7.495815342420013572e+00 8.000811088509584224e+00
3.731548501423084474e+00 4.168061497768728252e+00 4.607574302334056071e+00 4.999207835274169121e+00 5.270334966606231575e+00 5.376684161430003606e+00 5.278094536000264014e+00 5.011953082068810517e+00 4.624781608196464333e+00 4.186442174666549221e+00 3.755245066955132049e+00 3.372885955704502781e+00 3.049368944514687207e+00 2.779309209272988301e+00 2.548437897554513221e+00 2.347220600082040143e+00 2.155325420368837896e+00 1.975089223263156502e+00 1.806790576317331976e+00 1.653849103681180877e+00 1.516717587672908207e+00 1.402385575407560037e+00 1.311608661512495777e+00 1.239844650917222513e+00 1.180617951964227030e+00 1.131534855225065694e+00 1.093640248219608813e+00 1.065338485648985145e+00 1.042759609723250991e+00 1.037332643867744819e+00 1.042367319559837080e+00 1.057312347935375207e+00 1.075771855059882043e+00 1.100819917857679631e+00 1.132689349427929093e+00 1.164235348527631331e+00 1.206699684595507804e+00 1.263896031468504599e+00 1.331450296658293952e+00 1.416248414574816206e+00 1.524739717293424723e+00 1.639559082615656749e+00 1.776113933697823555e+00 1.928126561064731792e+00 2.091565668628683650e+00 2.279143714544691335e+00 2.486257168298060538e+00 2.722156300611310087e+00 3.003360353874533928e+00 3.338739500453237863e+00 8.019659800407417549e+00 8.542953672029224066e+00 9.042825080855743991e+00 9.465005102756290256e+00 9.754283301824514751e+00 9.862495256358377205e+00 9.769708902416072149e+00 9.489378643881606124e+00 9.073136840518424506e+00 8.581333405250118673e+00 8.069784278624085871e+00 7.578706097462159619e+00 7.113178647701107415e+00 6.689668499229151521e+00 6.289110753585560154e+00 5.903870945002631210e+00 5.531895694106434114e+00 5.172899342497828457e+00 4.832495789424700483e+00 4.508336654366818408e+00 4.222817211417038585e+00 3.966177837580202592e+00 3.745997100091047916e+00 3.554628096106861257e+00 3.398055001074409720e+00 3.265445962864327090e+00 3.155233164361957776e+00 3.069287891515234623e+00 3.007785017197612820e+00 2.966402345659390427e+00 2.958881474099479103e+00 2.975862830722285413e+00 3.016555930175276679e+00 3.081595788908486622e+00 3.163564786602927281e+00 3.272874837644082824e+00 3.403091786584030665e+00 3.556414784278796759e+00 3.742368721952005206e+00 3.954646327470114464e+00 4.195320346597521954e+00 4.463480043089560922e+00 4.759770402617368390e+00 5.082919619110128018e+00 5.424444934408506391e+00 5.796324623987851865e+00 6.185429724063462587e+00 6.597577203682593705e+00 7.039462603596404300e+00 7.515469862990485694e+00
3.343938218148268415e+00 3.739962351990114175e+00 4.175742128304811729e+00 4.619855587946744890e+00 5.008238391885289964e+00 5.278094536000264014e+00 5.377364803936667492e+00 5.273784934090495646e+00 5.002940052634976986e+00 4.616743228178227909e+00 4.181132740907405498e+00 3.757823633337512792e+00 3.379163688326227266e+00 3.057288162385455976e+00 2.785736385421428984e+00 2.555551005231399220e+00 2.343014952759889802e+00 2.146193326187846750e+00 1.961840324741716657e+00 1.792280422500498238e+00 1.637948706702428758e+00 1.506918139181655958e+00 1.400004627458862672e+00 1.314499954944411408e+00 1.243095333221853060e+00 1.183701031801556391e+00 1.136447767130114972e+00 1.099198911618664676e+00 1.069207714523692232e+00 1.055627486189161468e+00 1.052892469677827014e+00 1.059343603507403975e+00 1.069618024142565460e+00 1.085746517471642303e+00 1.108486559014664641e+00 1.129340416266057190e+00 1.159923269122036471e+00 1.203494014053013483e+00 1.256477420563853364e+00 1.325358745079473932e+00 1.416980714890191617e+00 1.515118785694634429e+00 1.635058850494963467e+00 1.771004783206915345e+00 1.918120853427447203e+00 2.088484805981365433e+00 2.274568998917493534e+00 2.481318353611956073e+00 2.721565510495482343e+00 3.005969194358965701e+00 7.520296760271532044e+00 8.032128209674764818e+00 8.556340244728504629e+00 9.054896187941608332e+00 9.478316549645798617e+00 9.765683539998972762e+00 9.868726613490318655e+00 9.766454693507057527e+00 9.483430083349599471e+00 9.068301230495984910e+00 8.581058817648509418e+00 8.078457725476932083e+00 7.584277820322440355e+00 7.129219369151806873e+00 6.701005763338804044e+00 6.294100678930031556e+00 5.902899968530649133e+00 5.524872660824519777e+00 5.163122056661141102e+00 4.814308807345735630e+00 4.500726715124867994e+00 4.216285093856322774e+00 3.967190465333927385e+00 3.748138289745703844e+00 3.564791006027254738e+00 3.406422071482358316e+00 3.271719164978594385e+00 3.161969094832373095e+00 3.076606726664966818e+00 3.012096451062983515e+00 2.980783951888905658e+00 2.974623665600946598e+00 2.991790831186578625e+00 3.032670642233366021e+00 3.089806182066278772e+00 3.172694243626643651e+00 3.275309582139024567e+00 3.399972510514357449e+00 3.556379016214345601e+00 3.738204524638887527e+00 3.948826750398316321e+00 4.188186615084461550e+00 4.456646688251119315e+00 4.755510965826587721e+00 5.075434717992665767e+00 5.427380880872362034e+00 5.796759077298681007e+00 6.185779797703868432e+00 6.600557568341102410e+00 7.044463270655503706e+00
3.011254072917688429e+00 3.351632249645007722e+00 3.746074934483815788e+00 4.184953954178426194e+00 4.625694702479443698e+00 5.011953082068810517e+00 5.273784934090495646e+00 5.367328147878892786e+00 5.259661902989059890e+00 4.990297356068690959e+00 4.607801682303584556e+00 4.180150521208728875e+00 3.759624630608214613e+00 3.382278303109825579e+00 3.058571321100719498e+00 2.787597427014786966e+00 2.546943824400170975e+00 2.330448369317819068e+00 2.130804091643916820e+00 1.946059643989195287e+00 1.776022781893200175e+00 1.628374268797264213e+00 1.504413080024212368e+00 1.403228971324541829e+00 1.317391625632825303e+00 1.245348416784479939e+00 1.187006803783259512e+00 1.139303192199513370e+00 1.100828326706831728e+00 1.078613602632618962e+00 1.068321964002728608e+00 1.067378282855641958e+00 1.070955371873010487e+00 1.080054391547607961e+00 1.095464197427594266e+00 1.107201123442123958e+00 1.127603276025284318e+00 1.158589972307036975e+00 1.197803280949928384e+00 1.251930842112974673e+00 1.327771958269304386e+00 1.410753205545290045e+00 1.515175575251273443e+00 1.635611782638432432e+00 1.767092005903668550e+00 1.921356137622098892e+00 2.089920934420457233e+00 2.274436311043299686e+00 2.483722645053513478e+00 2.726477256711666630e+00 7.048944771786233687e+00 7.530651144476909309e+00 8.042055615364363419e+00 8.563771337873312461e+00 9.062452061073971166e+00 9.482625862095261482e+00 9.763043384872991837e+00 9.855778651176537508e+00 9.750919940857565749e+00 9.469627081893559506e+00 9.058890979587468806e+00 8.580176812913123285e+00 8.074094133792408812e+00 7.590104239496020533e+00 7.129612936959673242e+00 6.696063960516235092e+00 6.283633062864078411e+00 5.887468235243736636e+00 5.507787989860050359e+00 5.139136622769636453e+00 4.800822399459140577e+00 4.490718222420837513e+00 4.213288187467825630e+00 3.966198899834063596e+00 3.754559913602278254e+00 3.568922278818453808e+00 3.408059502684059883e+00 3.273406242419873546e+00 3.163632901183377477e+00 3.076172982991058458e+00 3.022264955384877272e+00 2.994238416722449614e+00 2.989546663309679886e+00 3.007892061709950937e+00 3.042237685195272157e+00 3.100290887811796736e+00 3.176678888353058561e+00 3.274385410630682891e+00 3.401752839849809806e+00 3.554033728983167162e+00 3.735223151095639516e+00 3.946384318488733278e+00 4.186120021229126742e+00 4.459239369121251073e+00 4.754928446790031238e+00 5.084525935104723615e+00 5.433270622944893269e+00 5.800984404887153723e+00 6.191541498612234129e+00 6.606119927047029883e+00
2.728702581812536110e+00 3.016034222642644647e+00 3.354830143328577652e+00 3.751248194527235125e+00 4.187015213900842525e+00 4.624781608196464333e+00 5.002940052634976986e+00 5.259661902989059890e+00 5.351646001394502861e+00 5.246953489802091752e+00 4.982793654324549237e+00 4.608136847848161466e+00 4.181444764136251102e+00 3.760914928631801768e+00 3.380138390895989442e+00 3.055301951050981124e+00 2.773951540397217475e+00 2.528926372020086077e+00 2.310684343767210880e+00 2.110603144181451896e+00 1.926154495346334317e+00 1.762926914747332985e+00 1.620916737787577722e+00 1.501946688168762423e+00 1.398840774319656033e+00 1.311533783838210399e+00 1.240532837491575169e+00 1.181748912326203715e+00 1.134342930544429251e+00 1.103112315957738510e+00 1.084421039436633594e+00 1.075739884584449024e+00 1.072341254552007239e+00 1.074487538171892131e+00 1.083240001086836823e+00 1.087071742157365684e+00 1.098856445919188296e+00 1.118960400764118956e+00 1.146403006060836560e+00 1.187492668257054351e+00 1.249195663590867866e+00 1.318587537880691718e+00 1.408206955370914004e+00 1.513453337308443336e+00 1.629429685328281474e+00 1.767421410920828162e+00 1.920432963980732266e+00 2.087023991597551920e+00 2.273876285714748757e+00 2.486294330816891662e+00 6.604530191598012578e+00 7.053214301272068276e+00 7.534293272612233139e+00 8.043246994501677349e+00 8.564705159778196020e+00 9.059937623994581912e+00 9.472638256590357742e+00 9.744221175195438178e+00 9.836069099704936036e+00 9.734965529801511863e+00 9.458568187129634097e+00 9.055780983106505033e+00 8.573116764409798307e+00 8.075293704069268941e+00 7.583571240741424191e+00 7.117064806306590441e+00 6.676698003841414319e+00 6.258895097127615159e+00 5.861327523105861026e+00 5.475620707296517509e+00 5.115928726077913602e+00 4.782138486894353946e+00 4.477233638056258513e+00 4.200765516281540712e+00 3.958762868454678951e+00 3.743786857104586918e+00 3.554829044969790353e+00 3.394491054519421347e+00 3.259529637786497069e+00 3.149472748320772286e+00 3.072660578781895246e+00 3.022447766593529650e+00 2.995817127206654273e+00 2.992042450758247263e+00 3.004463138830883118e+00 3.039265015440856033e+00 3.091253994483313505e+00 3.163981313355863190e+00 3.263538713532393665e+00 3.388392801737674986e+00 3.541319567147736436e+00 3.725579643035043187e+00 3.936879848430046902e+00 4.182857338389048607e+00 4.452270185272856118e+00 4.757067273026903464e+00 5.083748376653249856e+00 5.430692801409740866e+00 5.800248886064705012e+00 6.191125965131588416e+00
2.486878568440614057e+00 2.732349409332788248e+00 3.018913831348439381e+00 3.359122369935968244e+00 3.753778599589175702e+00 4.186442174666549221e+00 4.616743228178227909e+00 4.990297356068690959e+00 5.246953489802091752e+00 5.341095642400770949e+00 5.240821773548131723e+00 4.982087011483178784e+00 4.605775692557803502e+00 4.178542377629551829e+00 3.754824064176752962e+00 3.372890583056282310e+00 3.039719993827040057e+00 2.754339793663449054e+00 2.508819101349329728e+00 2.288880101626209473e+00 2.088892809007366402e+00 1.911199502768191172e+00 1.752320107256093662e+00 1.615741812456159998e+00 1.494760068433549804e+00 1.390814977274180242e+00 1.305665426242154092e+00 1.233701419443653080e+00 1.175010377183827170e+00 1.132739043518373512e+00 1.103947016842743878e+00 1.086710814658834234e+00 1.075585018818479233e+00 1.070760631374719329e+00 1.072367342030497328e+00 1.068626502945353218e+00 1.072660426511461873e+00 1.083039798992779135e+00 1.100870614951525939e+00 1.131078905956562908e+00 1.180472567850632259e+00 1.237869409859454706e+00 1.313882751906716218e+00 1.405165372690269532e+00 1.506336697724159679e+00 1.628436045050487557e+00 1.766149455381212041e+00 1.915947827082391530e+00 2.084657269693104276e+00 2.274887394445479938e+00 6.186089722902847754e+00 6.606364905024927126e+00 7.054335168885267571e+00 7.533992264742069622e+00 8.042531514997079967e+00 8.560546888501626484e+00 9.048151003792181513e+00 9.453266077469438144e+00 9.724229284890887115e+00 9.819582640033667431e+00 9.721763658840481881e+00 9.451010424139866473e+00 9.043620611071625959e+00 8.567135126188034633e+00 8.061462916430359726e+00 7.565114357720986504e+00 7.092253729867453060e+00 6.647321797985832781e+00 6.228242262132781981e+00 5.824767325567639098e+00 5.445660272842723693e+00 5.090617485615648086e+00 4.760787452462698965e+00 4.456521881849165645e+00 4.184456765374789278e+00 3.939592543755305432e+00 3.721604047052037512e+00 3.533804067373522706e+00 3.371907494005299544e+00 3.237353997531499772e+00 3.136505255994834318e+00 3.062731694637993218e+00 3.013406936618387544e+00 2.987435485168984162e+00 2.977599427723059300e+00 2.989009082641106207e+00 3.017607772033588542e+00 3.066861251367190011e+00 3.140607042957737516e+00 3.240160847493514407e+00 3.366470411382203043e+00 3.525055719855886505e+00 3.708618153932181194e+00 3.927127898337621215e+00 4.169790914540490334e+00 4.448030205795163283e+00 4.750607677054132338e+00 5.075960710693738775e+00 5.425063700818453682e+00 5.795909423879384903e+00
2.275636497402471647e+00 2.490653038576868372e+00 2.735950972605437403e+00 3.023229405132456638e+00 3.363435966087620521e+00 3.755245066955132049e+00 4.181132740907405498e+00 4.607801682303584556e+00 4.982793654324549237e+00 5.240821773548131723e+00 5.339062006430037144e+00 5.242461661890295055e+00 4.981284052425459130e+00 4.604684459213681080e+00 4.175276149635234191e+00 3.750779661369735063e+00 3.363570836101091199e+00 3.027426668615162075e+00 2.743397230088986394e+00 2.495408439586775273e+00 2.275043451872043487e+00 2.080929177054803070e+00 1.904829199389104000e+00 1.750356794371744629e+00 1.610880564074137267e+00 1.489224706572344514e+00 1.388368073434206540e+00 1.301216621395495210e+00 1.229110672413428196e+00 1.173639545560986264e+00 1.132879222850436074e+00 1.106425506961885130e+00 1.087368467075063183e+00 1.076541131961419318e+00 1.072644572953339370e+00 1.063586292588187376e+00 1.061924891513174263e+00 1.063930384279436314e+00 1.073289272291325425e+00 1.093520918508203321e+00 1.131300685488080937e+00 1.177114511783047934e+00 1.239803374572818973e+00 1.316951460652561856e+00 1.403233168881507398e+00 1.508711938320998591e+00 1.630404305979289203e+00 1.762942287877118153e+00 1.914485776834035979e+00 2.086261813573136781e+00 5.798197367339925634e+00 6.195104888220555495e+00 6.614143472277953073e+00 7.061383593460147878e+00 7.540439850934037125e+00 8.045700937695290378e+00 8.556951289323931675e+00 9.039082418990661338e+00 9.444639145136576985e+00 9.719517901106501157e+00 9.817726435225880621e+00 9.724542914738439237e+00 9.450217145522566753e+00 9.047580353305976431e+00 8.564687545646309630e+00 8.055768036305821056e+00 7.554197214744203137e+00 7.078626046139491201e+00 6.632935697155519783e+00 6.208837884596764667e+00 5.810332783563783465e+00 5.435073934381668082e+00 5.081902281598765114e+00 4.751623464404963748e+00 4.450384921330368115e+00 4.175701329785073135e+00 3.927764047794406022e+00 3.711163879939646026e+00 3.520699764903139517e+00 3.359740975970170851e+00 3.233577063096858328e+00 3.134891825523381748e+00 3.062632761457944941e+00 3.015231964239780904e+00 2.984523810800901344e+00 2.974435556884976073e+00 2.981563569805124825e+00 3.008649201833882625e+00 3.057742379065901073e+00 3.133138789428768778e+00 3.233343402443747294e+00 3.366203355391943042e+00 3.522144738291852928e+00 3.711841748287417975e+00 3.925640904344781301e+00 4.175175767391498205e+00 4.451088946401481117e+00 4.751671779164251319e+00 5.078050644931635382e+00 5.428852226848359663e+00
2.091226850771044532e+00 2.284848860122772329e+00 2.501265449485715386e+00 2.747123805857616841e+00 3.035760251570471802e+00 3.372885955704502781e+00 3.757823633337512792e+00 4.180150521208728875e+00 4.608136847848161466e+00 4.982087011483178784e+00 5.242461661890295055e+00 5.340882545251622204e+00 5.240429285815856986e+00 4.977355303371441053e+00 4.598733068241967814e+00 4.167452338204364004e+00 3.739454713264045438e+00 3.349285784946343103e+00 3.015061609299837464e+00 2.728098340851063064e+00 2.479746883667552027e+00 2.266240192093188721e+00 2.073415841254601322e+00 1.902298555240324429e+00 1.745702301470938078e+00 1.606510808991813199e+00 1.489339727602685404e+00 1.385483744284362162e+00 1.298139581745971105e+00 1.227399659081050087e+00 1.172139510117999883e+00 1.133477925152398091e+00 1.104067910645169404e+00 1.085133993454131751e+00 1.074390256931052390e+00 1.060078837431675858e+00 1.053670293852582818e+00 1.049924844472989838e+00 1.053850583507572436e+00 1.067485534221774834e+00 1.096267221197966935e+00 1.132502395573486531e+00 1.182865184042889206e+00 1.246351479519048455e+00 1.318007431736686996e+00 1.406949416959642818e+00 1.512444483031717191e+00 1.627787021317927740e+00 1.763201415799790173e+00 1.919010551763540073e+00 5.438113461939319215e+00 5.815334598151645551e+00 6.211318473444614519e+00 6.631162262750248892e+00 7.077498339380684733e+00 7.553215805571152686e+00 8.052467658839843168e+00 8.558491755344112661e+00 9.040287353837788586e+00 9.447745304661054888e+00 9.722525467572369351e+00 9.822020180182953197e+00 9.723830847759506568e+00 9.450638021112276022e+00 9.041666621590554342e+00 8.554867984337636955e+00 8.040596264681525440e+00 7.536791574518957759e+00 7.060358078723045772e+00 6.610172732945204466e+00 6.190425364792301544e+00 5.796133839499830742e+00 5.422894799547798073e+00 5.070290430141409566e+00 4.743125464365689048e+00 4.440310372083690282e+00 4.163302941542262658e+00 3.917123705646577747e+00 3.697000264150744009e+00 3.507537282533900402e+00 3.353423073079507599e+00 3.227351742060720063e+00 3.129835839500882955e+00 3.059365422268283563e+00 3.007042483461538129e+00 2.975442632123073139e+00 2.962407480300251805e+00 2.969455745680270820e+00 2.997055652635856937e+00 3.051423957903823592e+00 3.128277846796624573e+00 3.237479521579895714e+00 3.367464873917240809e+00 3.528732639074962929e+00 3.713640406049027121e+00 3.933457792048606905e+00 4.181635469205268407e+00 4.455729287537653960e+00 4.757973816231610087e+00 5.087816157514123638e+00
1.926157120985614757e+00 2.102173006617693574e+00 2.298064308748029472e+00 2.514715208603719443e+00 2.763472148793325811e+00 3.049368944514687207e+00 3.379163688326227266e+00 3.759624630608214613e+00 4.181444764136251102e+00 4.605775692557803502e+00 4.981284052425459130e+00 5.240429285815856986e+00 5.336297073405738445e+00 5.234214709558019152e+00 4.971499686631960735e+00 4.591299399171913542e+00 4.159348820015230430e+00 3.729295569753227291e+00 3.341817041902382712e+00 3.005075700644691761e+00 2.717641116842498761e+00 2.476813774436746662e+00 2.263781399379006576e+00 2.075309406075907415e+00 1.901909615425146471e+00 1.745532873303427879e+00 1.611628573256050911e+00 1.490178463141762499e+00 1.386240518888951945e+00 1.298784518256338893e+00 1.227688258347660044e+00 1.175235522283541334e+00 1.133822319370883847e+00 1.106049332869255553e+00 1.088109502953239716e+00 1.068692935487412621e+00 1.057643107285997974e+00 1.048164744550762251e+00 1.046468121397743145e+00 1.053037334515772416e+00 1.072979486513129910e+00 1.100158224143640284e+00 1.139134322491513140e+00 1.190347976780257166e+00 1.249043111831995345e+00 1.323208124031417299e+00 1.413639345203998809e+00 1.512571966748607943e+00 1.631442187043190106e+00 1.770521453119532129e+00 5.103252847968489547e+00 5.460459921286689777e+00 5.836386501820709505e+00 6.234055444167886151e+00 6.652492616039807238e+00 7.095545739638054350e+00 7.565042820653777866e+00 8.057759065995346859e+00 8.562275631399762332e+00 9.043842072313388769e+00 9.449649287904746231e+00 9.725216975666436170e+00 9.821275862166432447e+00 9.723717139955068589e+00 9.447046045260350411e+00 9.034998461436920536e+00 8.544483335823287007e+00 8.030102133030823097e+00 7.526127132317834700e+00 7.046123907135989128e+00 6.600854649743562952e+00 6.185294247014553548e+00 5.792404370254826240e+00 5.419695170638077819e+00 5.069547469964004627e+00 4.740736958144702307e+00 4.436160113148658546e+00 4.160635170274516348e+00 3.911212812034078556e+00 3.691796593859267617e+00 3.508594137938036095e+00 3.353726216889907352e+00 3.229563349501157088e+00 3.135057290612864200e+00 3.060625025795522980e+00 3.007116167981521482e+00 2.973852402658299088e+00 2.960004181700262027e+00 2.966233644190076735e+00 2.999151326790126859e+00 3.052875977828914955e+00 3.138352681457639015e+00 3.243442832316357993e+00 3.377286561968630085e+00 3.534514166418747383e+00 3.725504715262094368e+00 3.945719025104212907e+00 4.192686274386479006e+00 4.468714942074065277e+00 4.774672688675691390e+00
1.776066359854973742e+00 1.935630682759743593e+00 2.115338750930073619e+00 2.311986930902962367e+00 2.533162412421341436e+00 2.779309209272988301e+00 3.057288162385455976e+00 3.382278303109825579e+00 3.760914928631801768e+00 4.178542377629551829e+00 4.604684459213681080e+00 4.977355303371441053e+00 5.234214709558019152e+00 5.326789554337072019e+00 5.226156558807367958e+00 4.961680181373494314e+00 4.583310813941777084e+00 4.150804136466404337e+00 3.724422835029396417e+00 3.336075936706374367e+00 2.998918798103413774e+00 2.719292556658039040e+00 2.478078023037004307e+00 2.267967651420729425e+00 2.076821631655234146e+00 1.903464669903379480e+00 1.753167152661672334e+00 1.614179983985967848e+00 1.493388754854957812e+00 1.388605820320410578e+00 1.300711608140018072e+00 1.232851130200002920e+00 1.177786916980498200e+00 1.139280606422176323e+00 1.112490654660601708e+00 1.086661965973693800e+00 1.069978936508936496e+00 1.054960353951293950e+00 1.048540332343854464e+00 1.048818137787571159e+00 1.061063338250429755e+00 1.080067010755009660e+00 1.108121786311585755e+00 1.146841693196860579e+00 1.193124136679147185e+00 1.253361527757877347e+00 1.329399620828821904e+00 1.412940033389420869e+00 1.515372236112538129e+00 1.637417926548851543e+00 4.789011342250427461e+00 5.123559697657380063e+00 5.479563624193304783e+00 5.858417901496741464e+00 6.255201150497034845e+00 6.670199268608371312e+00 7.107780404592788592e+00 7.570244454282117452e+00 8.061160945944690681e+00 8.564295583394073930e+00 9.043193829131947581e+00 9.449194884615836898e+00 9.720969191772105944e+00 9.815948504263976915e+00 9.716596865507094449e+00 9.437036780268314828e+00 9.023334831470709361e+00 8.535378987714027588e+00 8.022497613624782531e+00 7.516602400478027413e+00 7.042639254492901735e+00 6.601254678431407896e+00 6.185881915184226365e+00 5.793177507808179527e+00 5.421917075773942329e+00 5.069998473001226635e+00 4.740377653445072781e+00 4.437432592476922899e+00 4.160096794189010794e+00 3.910756146462415206e+00 3.697741519342088612e+00 3.513543635978596757e+00 3.361672645888858835e+00 3.241371701525938676e+00 3.143419169709326333e+00 3.066966480950711116e+00 3.012575734590329901e+00 2.977684724433373287e+00 2.963144656710837044e+00 2.974707155295895245e+00 3.006031085571944317e+00 3.067860789548237932e+00 3.148246054718764952e+00 3.254846134665549506e+00 3.384145951223557436e+00 3.547023253167568058e+00 3.739150186103287865e+00 3.957862110512333054e+00 4.206009215394136191e+00 4.485149885766795741e+00
1.639151931975796117e+00 1.781953064559236077e+00 1.946870814717426290e+00 2.128167389932576814e+00 2.330122065031650980e+00 2.548437897554513221e+00 2.785736385421428984e+00 3.058571321100719498e+00 3.380138390895989442e+00 3.754824064176752962e+00 4.175276149635234191e+00 4.598733068241967814e+00 4.971499686631960735e+00 5.226156558807367958e+00 5.324899596017144354e+00 5.225133684746190887e+00 4.966074754534836266e+00 4.589106452935521219e+00 4.160204504712611495e+00 3.733370339925089709e+00 3.343035702518262653e+00 3.012496593376920551e+00 2.730505591801755116e+00 2.490094157124255414e+00 2.276191447139269908e+00 2.083840983438293382e+00 1.916485961648299874e+00 1.760278803356722044e+00 1.622043640415777421e+00 1.499180125094592642e+00 1.393161862857124067e+00 1.307256404963453633e+00 1.235982893812948902e+00 1.183762504638008917e+00 1.146519100631790078e+00 1.112795242249575933e+00 1.089563357748238870e+00 1.069408726111967134e+00 1.058172967791912278e+00 1.052052396626429465e+00 1.057384315796209950e+00 1.068980771715104083e+00 1.087787560899002415e+00 1.115545867899546018e+00 1.150662264513164113e+00 1.198094607471291040e+00 1.259982608287805395e+00 1.328493031713329664e+00 1.413783379247559147e+00 1.518434033540803529e+00 4.492987105550280802e+00 4.802215572549642708e+00 5.136798937196248360e+00 5.497087052606862478e+00 5.875609666428476707e+00 6.268607149700189396e+00 6.678943958108360057e+00 7.109259544123914587e+00 7.570145239404769910e+00 8.060325623009052975e+00 8.561456675077078415e+00 9.042548818167471580e+00 9.447140769345347522e+00 9.720440066115898503e+00 9.818460489092830201e+00 9.718864674243491208e+00 9.441502313386557432e+00 9.032721445668487448e+00 8.546802084418789747e+00 8.031768842962311084e+00 7.531070950268039965e+00 7.058620579499005565e+00 6.614787063949389534e+00 6.198033434207378178e+00 5.804803914050769897e+00 5.430954270259022110e+00 5.078666811528537828e+00 4.750173840605140363e+00 4.445768253667250036e+00 4.166663757148386438e+00 3.922063020715873538e+00 3.706773171079167817e+00 3.524412396545328452e+00 3.375580541547159363e+00 3.251711286918633093e+00 3.151039035014949086e+00 3.074072578631376729e+00 3.017233537479733663e+00 2.981401157911241828e+00 2.971090254344753046e+00 2.980278922417164633e+00 3.018802472563659300e+00 3.075603802917018292e+00 3.156405918681557399e+00 3.259304729430570813e+00 3.394558901403266660e+00 3.558617378686738775e+00 3.748418639194104340e+00 3.966829264782412601e+00 4.216370200544898417e+00
1.520156708494935227e+00 1.646376822616372193e+00 1.795777213904979686e+00 1.962382298019898164e+00 2.148451358697522462e+00 2.347220600082040143e+00 2.555551005231399220e+00 2.787597427014786966e+00 3.055301951050981124e+00 3.372890583056282310e+00 3.750779661369735063e+00 4.167452338204364004e+00 4.591299399171913542e+00 4.961680181373494314e+00 5.225133684746190887e+00 5.325829931683378149e+00 5.232919466128257646e+00 4.976285642926488784e+00 4.602062058958400037e+00 4.173375779083912995e+00 3.743287857315695799e+00 3.358013750459539537e+00 3.023410157412263821e+00 2.739941144152174601e+00 2.494354841421067004e+00 2.278257019608310063e+00 2.092512260908928390e+00 1.920165181448854286e+00 1.765577644203105034e+00 1.626049938220044178e+00 1.502394275791195888e+00 1.397979699862734515e+00 1.309086718550972028e+00 1.241296885532908734e+00 1.190795994026012439e+00 1.146517840875726169e+00 1.114361124149886306e+00 1.087545663535370410e+00 1.070014304733168942e+00 1.057042390528907694e+00 1.055708511125126314e+00 1.060417283979861347e+00 1.071034127000731973e+00 1.088599098579048352e+00 1.113462282696684458e+00 1.149929072279402886e+00 1.199268262238296412e+00 1.255214270707616819e+00 1.326039324844833445e+00 1.415644396738412025e+00 4.221856696517558127e+00 4.504005905493648321e+00 4.815022837901969943e+00 5.154446735329441864e+00 5.514915126108539845e+00 5.889451765745210565e+00 6.277735987115985239e+00 6.680681487812171859e+00 7.108240262941071030e+00 7.567805063177541314e+00 8.054761216258485845e+00 8.558336886211847627e+00 9.037833515119842787e+00 9.444567919908118725e+00 9.722612204714465634e+00 9.820923874615607119e+00 9.725498045705149863e+00 9.453519550161434637e+00 9.046555361826813524e+00 8.557782456784638114e+00 8.046732567977308292e+00 7.545367889068174350e+00 7.068230778841924966e+00 6.621241443467253518e+00 6.202120372005111903e+00 5.806042515259220771e+00 5.432855878064082766e+00 5.082058279209798357e+00 4.753772419497065194e+00 4.447486750347311890e+00 4.172894697588218627e+00 3.927104308102148611e+00 3.713908126335904836e+00 3.534762010684530331e+00 3.382736626038281180e+00 3.255726522560912439e+00 3.153809242480056785e+00 3.073266849235770426e+00 3.014847544108248734e+00 2.981475289937828066e+00 2.968561374019440535e+00 2.983972944559569296e+00 3.017488233773895523e+00 3.073950873910691328e+00 3.151657523969546570e+00 3.261074576908102429e+00 3.398809427785339121e+00 3.561356541483553073e+00 3.751643295974520509e+00 3.972529366878863488e+00
