1.882322233352183627e+00 1.801466364947315490e+00 1.595754105902705167e+00 1.308721262445889710e+00 9.933107892556344298e-01 7.018331193274497393e-01 4.604171356915869873e-01 2.764749058840976770e-01 1.467400452824026147e-01 5.266287785705334873e-02 -1.431499465554295254e-02 -6.741210382108885069e-02 -1.047613163015290866e-01 -1.359941916683244656e-01 -1.538832183638951800e-01 -1.606264261932928150e-01 -1.553916803347164532e-01 -1.386824693202916847e-01 -1.155554905813358513e-01 -8.824952263419746923e-02 -6.596898942655139708e-02 -4.873713693796621893e-02 -3.359215769795042411e-02 -2.627812562992415391e-02 -1.977786243964770735e-02 -1.601995340397339637e-02 -1.782132538637771699e-02 -2.392210475700679712e-02 -3.460954922957448776e-02 -5.062096752737983707e-02 -6.825242874441228569e-02 -9.128542884799148438e-02 -1.133633240407053849e-01 -1.356628943668521103e-01 -1.512984997540264553e-01 -1.593376374898752834e-01 -1.573537181401697960e-01 -1.413429145699464928e-01 -1.133119115288415968e-01 -7.643466496893985829e-02 -2.712034449726932056e-02 3.659528295975129214e-02 1.245303090925470590e-01 2.526357030266057069e-01 4.345724913264498723e-01 6.771990397566657327e-01 9.749792837756307007e-01 1.295308127975215440e+00 1.590791647699378419e+00 1.799470064949329151e+00 2.498764229654950153e+00 2.428994695190990871e+00 2.231938796241800027e+00 1.949684561696338969e+00 1.633976894494349574e+00 1.321921065578461452e+00 1.047522055545961672e+00 8.134910867906062215e-01 6.212393351740257419e-01 4.652527481136646825e-01 3.342434235623811256e-01 2.176190486749889630e-01 1.201983099186830078e-01 3.716276143469126464e-02 -2.725357274181592140e-02 -7.397654012702366277e-02 -1.055634288187503184e-01 -1.187951614218015761e-01 -1.189751618588565929e-01 -1.095282588675842023e-01 -9.947108492382895906e-02 -8.831232327851287756e-02 -8.068360091611034846e-02 -7.246949965740542843e-02 -6.842904051655923636e-02 -6.368001180236701475e-02 -6.564324251187023118e-02 -7.071884334570792408e-02 -8.027498857586726211e-02 -9.428685822222487856e-02 -1.051797419276179618e-01 -1.181443788235549686e-01 -1.236094288963629495e-01 -1.201139989920126383e-01 -1.045271953117415664e-01 -7.613036408758221130e-02 -3.003354988106438431e-02 3.340648278842223845e-02 1.136400056881001347e-01 2.091764770047783162e-01 3.204241307505064640e-01 4.475125986049866555e-01 5.990699868526999650e-01 7.835061818184457794e-01 1.014212635947936647e+00 1.291379615784339796e+00 1.607228166833578831e+00 1.932445483593704827e+00 2.223470322060319582e+00 2.426158893404464667e+00
1.801466364947315490e+00 1.874799179862531417e+00 1.790723999025269908e+00 1.584949575249791964e+00 1.292547575150737371e+00 9.763603908879787685e-01 6.818389292958256798e-01 4.380502382234246483e-01 2.566185109394479302e-01 1.261048837488445984e-01 3.686716106231933271e-02 -2.910248448254619535e-02 -7.418266956723316985e-02 -1.116950322073535784e-01 -1.366398762289467994e-01 -1.516372116916820945e-01 -1.552235701830654846e-01 -1.456917733707095985e-01 -1.277013499798751728e-01 -1.028332859008105477e-01 -8.048204978734219139e-02 -6.166133191506066591e-02 -4.384228491213543882e-02 -3.373654481217858159e-02 -2.515297210694842842e-02 -1.920106151376048051e-02 -1.825996910109882118e-02 -2.114740539107458003e-02 -2.807309557103875378e-02 -4.021932502187749309e-02 -5.471344025297250613e-02 -7.673104203108233046e-02 -1.001864454350352013e-01 -1.251636261588168764e-01 -1.462760299157186139e-01 -1.611915785907797327e-01 -1.664399910617846978e-01 -1.586725728963799265e-01 -1.382998383127940489e-01 -1.079075066609095912e-01 -6.552843870849790753e-02 -1.484044021373158266e-02 5.175633501933381286e-02 1.442190770308156011e-01 2.743741237086008145e-01 4.570733620585008539e-01 6.999013431247927963e-01 9.935392654094692411e-01 1.310267809693216767e+00 1.597941229127774809e+00 2.429426323129526111e+00 2.497343413970419146e+00 2.422591078933119757e+00 2.222513039897092924e+00 1.939356985556329294e+00 1.615898000771096576e+00 1.303696750262794080e+00 1.022433573932064910e+00 7.881841898831156712e-01 5.992159427252250481e-01 4.466471992965367344e-01 3.149363093026319449e-01 2.055423253573490650e-01 1.107535486139375885e-01 3.399519939645999356e-02 -2.649293706010403746e-02 -7.154546455474232458e-02 -9.787715779562818075e-02 -1.088047624632637184e-01 -1.068517875168671222e-01 -1.018476660330933647e-01 -9.276225289769006455e-02 -8.593858098701619153e-02 -7.773029836228780021e-02 -7.281294742508541418e-02 -6.679666391629854316e-02 -6.658736997797830293e-02 -7.010177114589392910e-02 -7.739806586781156073e-02 -9.023372670274987239e-02 -1.010070684847092226e-01 -1.169014102512660469e-01 -1.271509361956322803e-01 -1.322509375296065104e-01 -1.270058185332161305e-01 -1.096372681429645668e-01 -7.662624924012040317e-02 -2.697274898094821627e-02 4.049245981376393966e-02 1.243258827619324741e-01 2.237616468952697002e-01 3.366142544148299498e-01 4.674539547292211328e-01 6.204806226321499807e-01 8.085918012993480453e-01 1.039680401709920377e+00 1.316298477852730686e+00 1.628851760946288252e+00 1.950440371839318399e+00 2.234820898873891792e+00
1.595754105902705167e+00 1.790723999025269908e+00 1.861791811433199717e+00 1.778492469521806063e+00 1.566483352729362011e+00 1.273647875388626449e+00 9.537647555583741443e-01 6.563691069579205006e-01 4.136791612153601916e-01 2.313251625132294598e-01 1.055482938998129894e-01 1.684462014917303269e-02 -4.148257060871883561e-02 -8.670967267378261456e-02 -1.183557429065948685e-01 -1.407168633727972074e-01 -1.523864527216618470e-01 -1.503789915369118102e-01 -1.385126978297802069e-01 -1.173416016475299917e-01 -9.642781476756585868e-02 -7.667645989132727824e-02 -5.687137111435605630e-02 -4.367570065545777619e-02 -3.270016335097793853e-02 -2.413000025095642445e-02 -2.043930270769041269e-02 -2.008142481194302720e-02 -2.283906316732587163e-02 -3.086558917315267853e-02 -4.153313291060863055e-02 -6.131504364090593212e-02 -8.471899046388828292e-02 -1.114219815398114072e-01 -1.367422753636500232e-01 -1.572863382526444864e-01 -1.690474517945011745e-01 -1.696081147474963746e-01 -1.577490421803091070e-01 -1.345912344504817670e-01 -9.835963882558287907e-02 -5.622504006500560203e-02 -1.779569643621671743e-03 6.885063888201854720e-02 1.620638351701827184e-01 2.935516260015750278e-01 4.751504084110016457e-01 7.144135329891616593e-01 1.003898901404545851e+00 1.313106745019243293e+00 2.237111285648266445e+00 2.427202204223370074e+00 2.490530959487114337e+00 2.412853055168398431e+00 2.212010338641305474e+00 1.919889673329550961e+00 1.595654922403472842e+00 1.275091976442688235e+00 9.936767078326478320e-01 7.604382551479563768e-01 5.754987447848254334e-01 4.214253246561590616e-01 2.959130377237926268e-01 1.879901228523206680e-01 9.886688325966862256e-02 2.538614066540765407e-02 -3.249219766469359921e-02 -7.278685778721241673e-02 -9.560507268552184690e-02 -1.027566832801747876e-01 -1.042628997333820973e-01 -9.852371870433078438e-02 -9.314085657349939484e-02 -8.524110222645776835e-02 -7.900194565967040561e-02 -7.156233152380828133e-02 -6.902025105617469458e-02 -7.058864862837146981e-02 -7.490770107365557484e-02 -8.522389308863305424e-02 -9.397641331656135522e-02 -1.106021588230069880e-01 -1.238557848353422086e-01 -1.360453376817539195e-01 -1.399304534667752675e-01 -1.330036142968606672e-01 -1.127089846694680902e-01 -7.750683951784945180e-02 -2.337596846684829310e-02 4.815025956859837752e-02 1.361259837472247880e-01 2.381241737319211016e-01 3.553927502527354787e-01 4.876061969043684052e-01 6.437863807215297163e-01 8.335441870792306140e-01 1.062815546325447613e+00 1.335877998713401515e+00 1.644824607632273894e+00 1.960812905231012815e+00
1.308721262445889710e+00 1.584949575249791964e+00 1.778492469521806063e+00 1.850117729901085584e+00 1.759226805842510233e+00 1.545303534110478827e+00 1.247336349323454385e+00 9.231777728434173991e-01 6.247189751717464601e-01 3.809153497328087168e-01 2.024053788348912086e-01 7.667470079867080845e-02 -4.522914109590546114e-03 -6.120584520398652389e-02 -1.000538889139486604e-01 -1.282355488824456768e-01 -1.464993362347219996e-01 -1.511604646891987203e-01 -1.459910916567408179e-01 -1.303757104686857071e-01 -1.123278975998828616e-01 -9.295898460248348816e-02 -7.198088702885344081e-02 -5.532815524677021923e-02 -4.140972507892673460e-02 -2.984070040326844073e-02 -2.304893222845937062e-02 -1.948775521553222298e-02 -1.870155301821368674e-02 -2.343366172521705107e-02 -3.158570890058462477e-02 -4.951834245457607808e-02 -7.256125192616905140e-02 -9.934745399294500623e-02 -1.266006637816469993e-01 -1.503918481176578503e-01 -1.672158820771670329e-01 -1.754301270149527525e-01 -1.724077139776903078e-01 -1.576734817906877972e-01 -1.291498539578328775e-01 -9.511354181429497456e-02 -4.869788641747906099e-02 9.236440453727075284e-03 7.962569799611431132e-02 1.748153898257838734e-01 3.047437146177887080e-01 4.835509205770191499e-01 7.190450766777374270e-01 1.002846301238718540e+00 1.961878398201100104e+00 2.234741138536931793e+00 2.421621014220099344e+00 2.482021393759341166e+00 2.402621368679874969e+00 2.190858843893875196e+00 1.897065660525040665e+00 1.562704006494719522e+00 1.241591151818124406e+00 9.584722765952763401e-01 7.294727070227933208e-01 5.417871577522426207e-01 3.926720643400182231e-01 2.684982298962597658e-01 1.667246376122284435e-01 8.142004132088663526e-02 1.219378334716278607e-02 -4.155197477256473981e-02 -7.669818142917729509e-02 -9.451852767707061287e-02 -1.043402242954264009e-01 -1.033469662734556593e-01 -1.005908842023591904e-01 -9.316476991837803479e-02 -8.560807339251792769e-02 -7.705906423013499096e-02 -7.226778182286457131e-02 -7.180327232726986530e-02 -7.351319189526957232e-02 -8.147361347463351333e-02 -8.901000923656705865e-02 -1.059238847075140433e-01 -1.211945581631150570e-01 -1.386263028332482550e-01 -1.496527295751553521e-01 -1.516527927949442855e-01 -1.428925873261367718e-01 -1.213304002271334975e-01 -8.082554107046382996e-02 -2.280535694192710461e-02 5.266270026658510101e-02 1.436345097688945804e-01 2.502078902859944942e-01 3.683224931352496734e-01 5.032064052730026438e-01 6.620524642696673512e-01 8.493737663845293273e-01 1.075862913190769543e+00 1.346466415189863541e+00 1.652073211238431316e+00
9.933107892556344298e-01 1.292547575150737371e+00 1.566483352729362011e+00 1.759226805842510233e+00 1.822481476735698269e+00 1.729162504330397532e+00 1.510418746955147329e+00 1.207957961653960410e+00 8.816367348324001263e-01 5.823312823191458820e-01 3.418817911688006861e-01 1.635538233821142162e-01 4.484218227124437545e-02 -3.321622941713175264e-02 -8.402761066220353070e-02 -1.185936399835665067e-01 -1.416083830048831538e-01 -1.508615507016887458e-01 -1.503503923006754561e-01 -1.397733810853585279e-01 -1.251281070052267241e-01 -1.075401443781557331e-01 -8.738571239302250770e-02 -6.922643958634500105e-02 -5.292531532799003152e-02 -3.874757675670532919e-02 -2.832942323628476894e-02 -2.053824695714280210e-02 -1.544755883302734514e-02 -1.608839478203718740e-02 -2.110244561649279524e-02 -3.624476331784846211e-02 -5.831910323293524462e-02 -8.420235768872863513e-02 -1.127110545170336708e-01 -1.385090449055404183e-01 -1.594788737449393534e-01 -1.746326258225289196e-01 -1.805768028332011832e-01 -1.750684535352268478e-01 -1.562634592725072602e-01 -1.305805634398197468e-01 -9.121498164472127690e-02 -4.125593926312117604e-02 1.625083243311277459e-02 8.936452970001937390e-02 1.825534933449941000e-01 3.096340142542879370e-01 4.841446241866740885e-01 7.136225121956832895e-01 1.647198059939854575e+00 1.951682618642242684e+00 2.221347351538725423e+00 2.404165838007688460e+00 2.461703451623438621e+00 2.371267558115580432e+00 2.157634481325116482e+00 1.853210140133288775e+00 1.518469208629011025e+00 1.193824148495008508e+00 9.152862154806041817e-01 6.830057860439378015e-01 4.993617615727720116e-01 3.515425301070693731e-01 2.333965136656579176e-01 1.362899529955871603e-01 5.712245593293083928e-02 -7.956224108887658894e-03 -5.355256009292342495e-02 -8.153232068433240165e-02 -1.000122158830660524e-01 -1.055077412266999526e-01 -1.070664621029790847e-01 -1.018723191406406825e-01 -9.393528530529879350e-02 -8.465420750758335944e-02 -7.711819378882826814e-02 -7.350543449604356183e-02 -7.156925082113836656e-02 -7.568363757224261246e-02 -8.055771585759613496e-02 -9.614225096637611656e-02 -1.126862593444658278e-01 -1.337723062174742961e-01 -1.507665338916319986e-01 -1.611120550282317265e-01 -1.628476095528479384e-01 -1.546272800095190025e-01 -1.275958380895846067e-01 -8.410801200633857833e-02 -2.290757743313932490e-02 5.565602246288722105e-02 1.517489708302026397e-01 2.589369941421744148e-01 3.796653099718551583e-01 5.174101107084869700e-01 6.731161543428885174e-01 8.573204734180824849e-01 1.081050026919892604e+00 1.348417601972869528e+00
7.018331193274497393e-01 9.763603908879787685e-01 1.273647875388626449e+00 1.545303534110478827e+00 1.729162504330397532e+00 1.788908811091398210e+00 1.689572312586160141e+00 1.464617591860724488e+00 1.157528228824649785e+00 8.290554855931159262e-01 5.314363885508658347e-01 2.910282845673928254e-01 1.198328903140038482e-01 6.072349866119627730e-03 -6.518285928609954261e-02 -1.094530671851716153e-01 -1.368808135783767532e-01 -1.486578902684940195e-01 -1.510909682692092304e-01 -1.447892211361550274e-01 -1.343548271859729970e-01 -1.198295964080510478e-01 -1.018144433604071114e-01 -8.295808483799897715e-02 -6.457349156903029186e-02 -4.780948625956039921e-02 -3.399157005031287759e-02 -2.225809504893123958e-02 -1.337758771882891114e-02 -1.092300694702443356e-02 -1.424146053328482348e-02 -2.724708893415008285e-02 -4.783761935498708623e-02 -7.138983497140093115e-02 -9.890246245258223212e-02 -1.243264132963987773e-01 -1.479127736989387654e-01 -1.683578088446989474e-01 -1.828243586116913844e-01 -1.869562894755041893e-01 -1.793986512734365713e-01 -1.633750654804725089e-01 -1.325693001306395558e-01 -8.971740284349927208e-02 -4.069173802492142417e-02 1.984842543549009825e-02 9.105713395975806312e-02 1.819947753684103275e-01 3.056443514588081944e-01 4.755500238564702720e-01 1.340169447699192107e+00 1.633746811555455203e+00 1.936889422048439169e+00 2.201993169715873222e+00 2.380353302585654252e+00 2.426263986001645723e+00 2.332850616688701528e+00 2.107433037375914253e+00 1.801083515774690502e+00 1.460303579662049600e+00 1.138894332696466227e+00 8.562265555405209616e-01 6.271719043571658547e-01 4.456329617630608864e-01 3.046899174312541203e-01 1.933763031084394513e-01 1.046032075591534216e-01 3.070405530868076244e-02 -2.360050110830968356e-02 -6.129809138334839369e-02 -8.870288132980343188e-02 -1.019831586437134480e-01 -1.092728132597626522e-01 -1.074347142973888225e-01 -1.004053090835326928e-01 -9.108639495040068979e-02 -8.177518712330709982e-02 -7.539660309302494146e-02 -7.056156696570797804e-02 -7.153043071871839631e-02 -7.488824387950600292e-02 -8.961602526183400086e-02 -1.067312177547612012e-01 -1.295785932434548315e-01 -1.502322695904143857e-01 -1.663230807091025665e-01 -1.762772687606535271e-01 -1.797599113136647553e-01 -1.658265035837850343e-01 -1.375168405046385267e-01 -9.176399184543769516e-02 -2.774491247933607435e-02 5.586774301258264769e-02 1.518485837069175337e-01 2.616141507630951324e-01 3.847785515030366366e-01 5.201538800108270744e-01 6.735859681700047119e-01 8.558973196124841643e-01 1.077819976650058464e+00
4.604171356915869873e-01 6.818389292958256798e-01 9.537647555583741443e-01 1.247336349323454385e+00 1.510418746955147329e+00 1.689572312586160141e+00 1.742043131693565394e+00 1.634697126130217892e+00 1.402716079573261831e+00 1.092060477915067107e+00 7.637406390595175010e-01 4.667622070864260175e-01 2.335097947071549662e-01 6.875407042389365675e-02 -3.637024496813755225e-02 -9.893443346164050578e-02 -1.335064749668962159e-01 -1.473927888568363487e-01 -1.501854931946171035e-01 -1.465736507154813129e-01 -1.392820730072279745e-01 -1.285406741860688207e-01 -1.139438151308479197e-01 -9.640222734189465847e-02 -7.716752144536609404e-02 -5.834779406207592223e-02 -4.110004422327444285e-02 -2.583305566543993292e-02 -1.355197927281869170e-02 -8.293149835011415574e-03 -9.770932086929457958e-03 -1.999165648582901939e-02 -3.816393211677594766e-02 -5.820844199444612926e-02 -8.313941705893551637e-02 -1.069594332544336612e-01 -1.315974079148267417e-01 -1.558085312943923162e-01 -1.772259771093353531e-01 -1.900788977465603935e-01 -1.934333171809037577e-01 -1.877507698442375250e-01 -1.671791700805107805e-01 -1.332988293777558064e-01 -9.246126372914080516e-02 -4.060332893444616731e-02 1.800186306303567380e-02 8.682584048054643733e-02 1.746340333771074227e-01 2.937473808592259705e-01 1.062763353348480155e+00 1.318448323374848963e+00 1.611582742433543824e+00 1.909084155481647782e+00 2.167988159606840881e+00 2.335028581266747505e+00 2.377000389631765298e+00 2.270730346581189441e+00 2.041466319618180592e+00 1.727278236540659373e+00 1.388345518215300833e+00 1.062788335030760756e+00 7.832692965037918453e-01 5.571984295980069168e-01 3.832578126182030753e-01 2.516027185650172027e-01 1.506292323108278097e-01 6.937813678193080480e-02 8.764299078392472769e-03 -3.643914682348205203e-02 -7.168357262009955599e-02 -9.304773587005436830e-02 -1.075684281086666944e-01 -1.104018328185420728e-01 -1.060628970785122416e-01 -9.752675834332702465e-02 -8.679827565381349752e-02 -7.767397982307885917e-02 -7.028631609672877922e-02 -6.807054341305943113e-02 -7.023055160832551713e-02 -8.308433279796099968e-02 -9.976637894535569928e-02 -1.225715425710823953e-01 -1.446504848135997112e-01 -1.639884453989688962e-01 -1.797051935588943883e-01 -1.925470303242619863e-01 -1.901986884135038192e-01 -1.760805915099743768e-01 -1.462255255157234590e-01 -9.876349969655036365e-02 -3.047956468215751516e-02 5.176279738413093467e-02 1.492301806471652281e-01 2.598516278809099300e-01 3.812535785284391632e-01 5.136206001613904393e-01 6.652353880281562937e-01 8.459693660781453239e-01
2.764749058840976770e-01 4.380502382234246483e-01 6.563691069579205006e-01 9.231777728434173991e-01 1.207957961653960410e+00 1.464617591860724488e+00 1.634697126130217892e+00 1.677167199928398800e+00 1.560902100253829694e+00 1.323994818492163938e+00 1.012528953670523091e+00 6.859771532383277526e-01 3.967315428648818254e-01 1.722420404164884400e-01 1.910878321180652442e-02 -7.437318838326649473e-02 -1.242862893895633480e-01 -1.433720768613031271e-01 -1.467249035456138218e-01 -1.443303792156327703e-01 -1.396386362344782250e-01 -1.325877038134389563e-01 -1.221434647243866134e-01 -1.073116835018164406e-01 -8.896688695038487693e-02 -6.946441455148269495e-02 -5.025975649818415630e-02 -3.233224490906740772e-02 -1.711513201360756811e-02 -9.104390564679988931e-03 -8.567460850256206420e-03 -1.583244674531870261e-02 -3.120595085385407738e-02 -4.750597560110052936e-02 -6.913156005763952672e-02 -9.027332631784673600e-02 -1.145272223194121058e-01 -1.402162765568743252e-01 -1.658505026329757104e-01 -1.851705825466285482e-01 -1.982382769481141060e-01 -2.023514631176187573e-01 -1.934548295944348850e-01 -1.702495683490009570e-01 -1.385664993536441791e-01 -9.443740164943741078e-02 -4.399108103551963717e-02 1.222602820671926660e-02 7.794188336557643371e-02 1.610499139624781695e-01 8.237465526879598210e-01 1.033288729433252673e+00 1.288689654995758049e+00 1.575101008246454271e+00 1.864460079272999504e+00 2.112425735175902819e+00 2.273769411339033653e+00 2.301603462454425042e+00 2.189312368277409604e+00 1.951362436594134886e+00 1.638014835614769238e+00 1.295842439331711393e+00 9.743831881495786940e-01 7.003592693423692506e-01 4.842859656740212126e-01 3.231815596774651467e-01 2.041086868597518089e-01 1.137778144226155308e-01 4.695272371013499424e-02 -4.534577388664335663e-03 -4.669534776550138960e-02 -7.597717496470637877e-02 -9.843105426975856664e-02 -1.076483581849238258e-01 -1.079559113376065554e-01 -1.022434339559925021e-01 -9.211715341494060294e-02 -8.174767356333630108e-02 -7.278068576975492421e-02 -6.819354149991217751e-02 -6.916067513132116706e-02 -8.011077731487817322e-02 -9.543627536803515887e-02 -1.172144155741696864e-01 -1.387232731787096385e-01 -1.594411215437626650e-01 -1.784048194727493875e-01 -1.976178655272173013e-01 -2.048315031386483687e-01 -2.029987586671646305e-01 -1.881714290825696745e-01 -1.575651658156986268e-01 -1.061157013968860585e-01 -3.950137989468846533e-02 4.429011670183259641e-02 1.418713584511715475e-01 2.518181393863586637e-01 3.695915614546737560e-01 4.998296471624678050e-01 6.488760950513079440e-01
1.467400452824026147e-01 2.566185109394479302e-01 4.136791612153601916e-01 6.247189751717464601e-01 8.816367348324001263e-01 1.157528228824649785e+00 1.402716079573261831e+00 1.560902100253829694e+00 1.592611543839835164e+00 1.470264666920328089e+00 1.231963026401996952e+00 9.236458920735517442e-01 6.053571257176180165e-01 3.265004664396448653e-01 1.156216422965874041e-01 -2.469252772613210120e-02 -1.039141105503234713e-01 -1.377393473293178627e-01 -1.457379403983289912e-01 -1.444800656257221871e-01 -1.404234489581782930e-01 -1.347607425251781677e-01 -1.267533306630886925e-01 -1.141636183878370903e-01 -9.744028381742332601e-02 -7.847227493182465374e-02 -5.919631380656936726e-02 -4.070671392189222776e-02 -2.429099616568471467e-02 -1.441334706059735869e-02 -1.193444393331551980e-02 -1.593255594531069880e-02 -2.762787021110692590e-02 -3.983859333445125689e-02 -5.685720426782346626e-02 -7.443192080268246080e-02 -9.631207769953953335e-02 -1.213097690369722564e-01 -1.488105234840897684e-01 -1.723168321068185849e-01 -1.923738953221838521e-01 -2.044442472080977291e-01 -2.059286832413467216e-01 -1.937626655902247863e-01 -1.726124408774069030e-01 -1.377015494983946098e-01 -9.522563807398547187e-02 -4.744582629681201591e-02 5.874735855240034894e-03 6.728569184723451335e-02 6.254953132033227448e-01 7.922177903507490182e-01 9.995016952897125551e-01 1.246397089257522461e+00 1.521727148626049964e+00 1.799622982221966705e+00 2.039231445043296009e+00 2.185432013150718333e+00 2.205135392403148042e+00 2.083602662957141582e+00 1.845774095819725291e+00 1.530263048155631411e+00 1.193085897215486080e+00 8.787875400918934155e-01 6.151812657390217653e-01 4.134662645453372476e-01 2.655754645308104900e-01 1.594228140399465421e-01 8.351546453231641076e-02 2.655878164776316261e-02 -2.060966936328711974e-02 -5.573736650975633783e-02 -8.444701903412010768e-02 -9.917829909066375182e-02 -1.049321604345232889e-01 -1.033969190670141619e-01 -9.575666897421888923e-02 -8.619223325776492750e-02 -7.767270148154183096e-02 -7.256616218358158399e-02 -7.266618706288070773e-02 -8.099172001341645166e-02 -9.411532562764532428e-02 -1.131515630495376762e-01 -1.321103479078767351e-01 -1.515344375726309090e-01 -1.708823011830946093e-01 -1.932448439397546069e-01 -2.071404875380013499e-01 -2.149687561704705097e-01 -2.125218584000553301e-01 -1.971764178826503899e-01 -1.621492802015332968e-01 -1.119597499943436186e-01 -4.405225667585733335e-02 3.888176938342628730e-02 1.359772448851665760e-01 2.411343512930540778e-01 3.564939652052259156e-01 4.833410653129486811e-01
5.266287785705334873e-02 1.261048837488445984e-01 2.313251625132294598e-01 3.809153497328087168e-01 5.823312823191458820e-01 8.290554855931159262e-01 1.092060477915067107e+00 1.323994818492163938e+00 1.470264666920328089e+00 1.495074322209885009e+00 1.370657105997573844e+00 1.135650606921807304e+00 8.347603964317895642e-01 5.271462711001745349e-01 2.624939406798701969e-01 6.473126928263778224e-02 -5.992204817790087318e-02 -1.223086226185004788e-01 -1.437187658676906954e-01 -1.465785033323545039e-01 -1.419978997582004576e-01 -1.353280926599431944e-01 -1.274974726578765871e-01 -1.164651794617284214e-01 -1.022897775597892134e-01 -8.533682904861071561e-02 -6.727359756961114046e-02 -4.969826781463302506e-02 -3.270408901036585964e-02 -2.135059634617095942e-02 -1.660446372728778541e-02 -1.719780457129656617e-02 -2.515838533545342731e-02 -3.391754958809145570e-02 -4.702136272210657303e-02 -6.135165216499335189e-02 -8.031489260191364277e-02 -1.030847559850939371e-01 -1.301369603064311264e-01 -1.547866367490612904e-01 -1.789321899316005937e-01 -1.966393640263846554e-01 -2.068978147058645189e-01 -2.053898032730360201e-01 -1.950355444111888936e-01 -1.707268846599626910e-01 -1.375888834439523145e-01 -9.810579309419284466e-02 -5.359622115935985809e-02 -4.868372622698561268e-03 4.540239490871741390e-01 5.884589946447654762e-01 7.515803339848395881e-01 9.502471147274090812e-01 1.185005252846768053e+00 1.448821222185492141e+00 1.716264289879499971e+00 1.939848695040950810e+00 2.075950622845495364e+00 2.086051240583394861e+00 1.963994079175302998e+00 1.724405373584589229e+00 1.413819093486350154e+00 1.084597475063789451e+00 7.811455633740113091e-01 5.330913666211454238e-01 3.457628396678421590e-01 2.136738605778904787e-01 1.224758602684439396e-01 5.830453807539610206e-02 7.238599315596942751e-03 -3.127749826246858239e-02 -6.423368322226254146e-02 -8.391408395543885346e-02 -9.535801635096205486e-02 -9.953234247485627517e-02 -9.615610049762027267e-02 -8.928269553350755283e-02 -8.217906213030784501e-02 -7.735867529732230741e-02 -7.688624718903275257e-02 -8.257543382910244312e-02 -9.289246306833695566e-02 -1.092931784825585950e-01 -1.252398770778495873e-01 -1.431205016745162040e-01 -1.618037651325847093e-01 -1.848302623606971895e-01 -2.027700510161647429e-01 -2.170120942964390010e-01 -2.241799927063865272e-01 -2.210899646966494603e-01 -2.012713367977962409e-01 -1.674273879472859272e-01 -1.163740947382293778e-01 -5.024328426569768524e-02 3.179926819611670480e-02 1.230127292383329518e-01 2.248312644032675334e-01 3.352319054721409897e-01
-1.431499465554295254e-02 3.686716106231933271e-02 1.055482938998129894e-01 2.024053788348912086e-01 3.418817911688006861e-01 5.314363885508658347e-01 7.637406390595175010e-01 1.012528953670523091e+00 1.231963026401996952e+00 1.370657105997573844e+00 1.392221762829297216e+00 1.269930486312992102e+00 1.040048019654877809e+00 7.485275463488135772e-01 4.539130507023538263e-01 2.017069327433799741e-01 2.044848827986324447e-02 -8.671516132744119809e-02 -1.358747677237357454e-01 -1.510390226134910030e-01 -1.486623582411825684e-01 -1.398573755791528428e-01 -1.294720706012758293e-01 -1.175951998397072179e-01 -1.045312242189691404e-01 -8.967994258093105187e-02 -7.388736484914829039e-02 -5.828843638877182626e-02 -4.213934310316629767e-02 -3.005609038835317312e-02 -2.294151402549449853e-02 -2.053598835973554498e-02 -2.462116205375659492e-02 -3.019172244456757442e-02 -3.944940163232280028e-02 -5.022484652962082990e-02 -6.548769795764364243e-02 -8.510989140679403597e-02 -1.098243658456964505e-01 -1.337409829532023586e-01 -1.590825228232968791e-01 -1.798562526711850185e-01 -1.958840792588893986e-01 -2.029441525392431112e-01 -2.018932725960846941e-01 -1.881291546038108276e-01 -1.656282593428080319e-01 -1.356018031458993411e-01 -9.933725363725885715e-02 -5.926832422827679747e-02 3.082333852956267717e-01 4.198365905170782231e-01 5.483975279523853885e-01 7.024519266764919223e-01 8.874164067257264144e-01 1.109337987972605299e+00 1.360157069820070008e+00 1.610709839452186376e+00 1.822612873261098665e+00 1.948581093650749496e+00 1.956883016308070822e+00 1.832056235492120599e+00 1.595878383367714815e+00 1.292591719835255448e+00 9.732150749134600431e-01 6.846117827140053569e-01 4.515766171509756899e-01 2.818609518188951446e-01 1.651860753485046296e-01 8.736876125358934708e-02 3.066756418577732887e-02 -1.038687977062148320e-02 -4.468178024032541662e-02 -6.703072101106033465e-02 -8.300951381813392871e-02 -9.259724899143249865e-02 -9.344249828610778907e-02 -9.065163813658440317e-02 -8.586339548057705939e-02 -8.234361292419974110e-02 -8.147962374402312191e-02 -8.448843832238067675e-02 -9.206169185490217788e-02 -1.055263149339469020e-01 -1.177841322744967029e-01 -1.334602151994569996e-01 -1.498544786326192202e-01 -1.714322990761158738e-01 -1.910088059839617491e-01 -2.089545023685569214e-01 -2.221854231097647459e-01 -2.280399078356145359e-01 -2.206469794921927241e-01 -2.012551390064388768e-01 -1.664650998347945721e-01 -1.173193230802908327e-01 -5.244431035496798649e-02 2.294708875136396153e-02 1.103377279828598317e-01 2.064295978807271226e-01
-6.741210382108885069e-02 -2.910248448254619535e-02 1.684462014917303269e-02 7.667470079867080845e-02 1.635538233821142162e-01 2.910282845673928254e-01 4.667622070864260175e-01 6.859771532383277526e-01 9.236458920735517442e-01 1.135650606921807304e+00 1.269930486312992102e+00 1.291124061548331259e+00 1.170196653793097230e+00 9.471693281369192308e-01 6.658746055945680142e-01 3.827336388257825406e-01 1.475430798106748265e-01 -1.576057208644463664e-02 -1.082794463475516555e-01 -1.486279023105609165e-01 -1.553313708238723001e-01 -1.459693060903652362e-01 -1.317070243538180641e-01 -1.167006586574499821e-01 -1.031637569293580026e-01 -9.021493046929565662e-02 -7.743120365504101155e-02 -6.571654868477291855e-02 -5.201726563739595549e-02 -4.077561777705551033e-02 -3.241544253901720851e-02 -2.712559703916749346e-02 -2.716532170032849580e-02 -2.887743162068517194e-02 -3.380150697158434969e-02 -4.069497009049333203e-02 -5.178822906827601491e-02 -6.746832908172908927e-02 -8.878249838150782669e-02 -1.103836843129672451e-01 -1.351729284817302645e-01 -1.567082315573354867e-01 -1.758907355194044286e-01 -1.894046227533907334e-01 -1.963497400858028874e-01 -1.929936300776052271e-01 -1.818761417201829322e-01 -1.626848793579292740e-01 -1.358202930305124345e-01 -1.037859009090706941e-01 1.780221645917271778e-01 2.722408501925940860e-01 3.755944553893976190e-01 4.943540419570348066e-01 6.336141984991279230e-01 8.053368160473005632e-01 1.013689703474814907e+00 1.248862092908714416e+00 1.487899793574368301e+00 1.690286619591123030e+00 1.812871025524662949e+00 1.816942507845337618e+00 1.693136291584468101e+00 1.462739145169855481e+00 1.167573670407855646e+00 8.619045955427574457e-01 5.894687364151269815e-01 3.757430044945883063e-01 2.227289218951793159e-01 1.220521366818718145e-01 5.469571649045561895e-02 1.031170899567689092e-02 -2.361914580906208233e-02 -4.685192174630886663e-02 -6.534863054515541170e-02 -7.988470160004082499e-02 -8.601760438044321611e-02 -8.920291802764605815e-02 -8.860816714792846271e-02 -8.771982034964616315e-02 -8.731288509233216255e-02 -8.817746910664306381e-02 -9.252176889144475558e-02 -1.022400171036520616e-01 -1.103752907024776048e-01 -1.227467929175682648e-01 -1.361551617157690242e-01 -1.550612701530084125e-01 -1.743519529001731072e-01 -1.936467542673275255e-01 -2.100774795115889215e-01 -2.214204054573726266e-01 -2.236180243956365221e-01 -2.167934103365182774e-01 -1.970159288083026261e-01 -1.648295526275193601e-01 -1.181753647725804768e-01 -6.063636011353347455e-02 1.010962810988358905e-02 9.104066523978700254e-02
-1.047613163015290866e-01 -7.418266956723316985e-02 -4.148257060871883561e-02 -4.522914109590546114e-03 4.484218227124437545e-02 1.198328903140038482e-01 2.335097947071549662e-01 3.967315428648818254e-01 6.053571257176180165e-01 8.347603964317895642e-01 1.040048019654877809e+00 1.170196653793097230e+00 1.188007662477646331e+00 1.070351491581119419e+00 8.535006878058377655e-01 5.818821536087701585e-01 3.151038411488200075e-01 9.803872573725257167e-02 -4.822638226312776777e-02 -1.282603978153263047e-01 -1.561509704281771327e-01 -1.531531641357391504e-01 -1.369519924027113311e-01 -1.179597916253313505e-01 -1.017782041787457098e-01 -8.887806998312809681e-02 -7.809931605449478564e-02 -6.979361110653602152e-02 -5.877806319453626055e-02 -4.931382979145751411e-02 -4.058243006169054423e-02 -3.380993489086530496e-02 -3.099652553205999028e-02 -3.002762389781656743e-02 -3.154721385419970853e-02 -3.480791396681992556e-02 -4.155562024970631263e-02 -5.323640774953500299e-02 -7.007909274130931510e-02 -8.790059355941338970e-02 -1.099342861551645817e-01 -1.305249948001519500e-01 -1.505414636495466252e-01 -1.678199484119180518e-01 -1.804500065013776300e-01 -1.857452851834679730e-01 -1.845047894546889833e-01 -1.754884506213427731e-01 -1.579647904697688288e-01 -1.340384312892649032e-01 6.940738253954548131e-02 1.490505394107217163e-01 2.340539831668062010e-01 3.266748376072479143e-01 4.299760208170957942e-01 5.552160347692381981e-01 7.122935744139777814e-01 9.052531283022507980e-01 1.127958577277670127e+00 1.356192447471870954e+00 1.551824331897183384e+00 1.667154749426751348e+00 1.668715517362553413e+00 1.547477000145206505e+00 1.322311854450541002e+00 1.038659457296536637e+00 7.495939382326611833e-01 4.974010955244291265e-01 3.021301527435218959e-01 1.683512215267495282e-01 8.178060341803986000e-02 2.910145276206527881e-02 -5.594518043007840925e-03 -2.813012014944252931e-02 -4.699268694456510548e-02 -6.428730531477037935e-02 -7.410746815463814530e-02 -8.278497230503627236e-02 -8.672800182344643505e-02 -8.941471931938743678e-02 -9.026317145633869221e-02 -9.071879827776052618e-02 -9.347239512612516565e-02 -1.001897073070286831e-01 -1.050713293044669427e-01 -1.141957010587334870e-01 -1.239363557367701429e-01 -1.387415372258297419e-01 -1.555801943300740564e-01 -1.739056580314832512e-01 -1.907993928095940706e-01 -2.049223087473289739e-01 -2.137479824001028428e-01 -2.169675561256115548e-01 -2.096406229108929153e-01 -1.924815369981580648e-01 -1.626737361155551620e-01 -1.225195760720414195e-01 -6.880536022888197878e-02 -3.690940789314863229e-03
-1.359941916683244656e-01 -1.116950322073535784e-01 -8.670967267378261456e-02 -6.120584520398652389e-02 -3.321622941713175264e-02 6.072349866119627730e-03 6.875407042389365675e-02 1.722420404164884400e-01 3.265004664396448653e-01 5.271462711001745349e-01 7.485275463488135772e-01 9.471693281369192308e-01 1.070351491581119419e+00 1.088327728640706038e+00 9.728937334047497165e-01 7.635058011071392814e-01 5.063829476258542295e-01 2.567246167846090610e-01 5.745734465544987540e-02 -7.436085874841900922e-02 -1.396070081457085610e-01 -1.560405263486467353e-01 -1.450493691473429825e-01 -1.237491860413732214e-01 -1.029721091747605316e-01 -8.745681175301261989e-02 -7.630483004841556727e-02 -7.044876172605436804e-02 -6.244112765260149966e-02 -5.597958339182894372e-02 -4.854265633819571796e-02 -4.139768458387047684e-02 -3.677112512012144924e-02 -3.333350020634914812e-02 -3.172719353286575922e-02 -3.179291839226942862e-02 -3.442825765424128992e-02 -4.239997163284945497e-02 -5.462260490313473882e-02 -6.803646835359597467e-02 -8.576278843989863787e-02 -1.032472871167915696e-01 -1.218826119217548964e-01 -1.404247188425871984e-01 -1.570224230829555534e-01 -1.697457794404033382e-01 -1.773326297317661671e-01 -1.785037775753782197e-01 -1.709925943605250798e-01 -1.569601530344267581e-01 -2.711565473819339822e-02 3.810554899913230764e-02 1.087069417800392568e-01 1.830887249172147568e-01 2.617428697591281939e-01 3.517297198599549368e-01 4.634369195622254356e-01 6.067031325633565064e-01 7.876860028029254446e-01 9.998155951631993998e-01 1.219669751600909180e+00 1.406191177630666367e+00 1.516925970895166342e+00 1.518401130659248199e+00 1.399833749479748146e+00 1.183349045716581616e+00 9.159709447437653917e-01 6.464695382400444945e-01 4.132071394417920485e-01 2.388318079594484167e-01 1.215173687969517413e-01 5.062354996325450079e-02 9.647537811701949878e-03 -1.333837876755587619e-02 -3.076670296008141708e-02 -4.770174827530907630e-02 -5.924684663711066168e-02 -7.207265698637634055e-02 -8.087132500401010560e-02 -8.770957377548149747e-02 -9.148235361355362694e-02 -9.284946652802687772e-02 -9.509774836893053473e-02 -9.908253793972975065e-02 -1.014594496147175756e-01 -1.075199606650653200e-01 -1.138091564213762341e-01 -1.244215348612102146e-01 -1.376893905284713171e-01 -1.534885166428228698e-01 -1.685526366627462802e-01 -1.830684190011285795e-01 -1.954168944047851852e-01 -2.061078888942593224e-01 -2.093722301874385849e-01 -2.057662167715959833e-01 -1.918596318717449289e-01 -1.687038204588373891e-01 -1.330756995046221414e-01 -8.525010401886402855e-02
-1.538832183638951800e-01 -1.366398762289467994e-01 -1.183557429065948685e-01 -1.000538889139486604e-01 -8.402761066220353070e-02 -6.518285928609954261e-02 -3.637024496813755225e-02 1.910878321180652442e-02 1.156216422965874041e-01 2.624939406798701969e-01 4.539130507023538263e-01 6.658746055945680142e-01 8.535006878058377655e-01 9.728937334047497165e-01 9.889301097001665930e-01 8.785356620244466619e-01 6.812087264263479991e-01 4.397992912836019563e-01 2.088125503555970375e-01 2.551735449089611793e-02 -8.951150133493472605e-02 -1.419757898378322114e-01 -1.491903448012638356e-01 -1.326361713023193889e-01 -1.086490404092652490e-01 -8.858259573217630578e-02 -7.406411030190207523e-02 -6.824892884517354263e-02 -6.255463823271723012e-02 -5.962421952757864657e-02 -5.494095146970261884e-02 -4.879948117091236631e-02 -4.399464988663191051e-02 -3.899433233634830298e-02 -3.475927943466406572e-02 -3.158118678292579085e-02 -3.017554000872007744e-02 -3.422666408339040262e-02 -4.117102675517906457e-02 -4.970114247797410151e-02 -6.232273547045907858e-02 -7.612230342274566020e-02 -9.258555857866689054e-02 -1.105795827790123642e-01 -1.293837824234917167e-01 -1.468416571719998731e-01 -1.605124296263622519e-01 -1.697484254394576175e-01 -1.710536143950794064e-01 -1.661802144908565981e-01 -1.009891930770609181e-01 -5.111182012877232839e-02 5.061442315200096256e-03 6.401585701513093363e-02 1.248418180106951464e-01 1.907398923984318651e-01 2.685737061317540753e-01 3.682286822745997057e-01 5.006125342666463141e-01 6.712026726854836145e-01 8.727004898030454871e-01 1.080843011203321602e+00 1.259838379909309580e+00 1.366454798650101665e+00 1.367055208975265890e+00 1.254489148798644926e+00 1.053153786233848477e+00 8.039628215022279756e-01 5.536831914622963868e-01 3.422554598313731766e-01 1.860494398132707672e-01 8.531090874987985739e-02 2.798030225568720955e-02 -8.486184602968492325e-04 -1.759405345536664556e-02 -3.181136289177080578e-02 -4.261499682673736827e-02 -5.742445033576670799e-02 -7.062106130405153281e-02 -8.147233912011229984e-02 -8.908606493022486195e-02 -9.297153578707480215e-02 -9.617619337500921128e-02 -9.864256247939245936e-02 -9.934006357598536285e-02 -1.025686852545803773e-01 -1.052160508021456470e-01 -1.112712696526462763e-01 -1.198057829026698412e-01 -1.316656492671025025e-01 -1.436773889992686848e-01 -1.569733880029949291e-01 -1.704627574642801624e-01 -1.857514020080771322e-01 -1.962284894413154623e-01 -2.028799045004524015e-01 -2.018187873791882636e-01 -1.932949904586915568e-01 -1.742652720484123563e-01 -1.434806210309886587e-01
