0.331089168896709307 0.327062543475628908 0.315334962740954405 0.296906033102418920 0.273264961977273513 0.246170043843992187 0.217414226242808123 0.188622282535216901 0.161110291226732205 0.135818405205038295 0.113310106754782397 0.093819764164488978 0.077326521685571359 0.063634883752205634 0.052448055718799451 0.043426525306102609 0.036229730506666301 0.030542209196921105 0.026087396209432595 0.022632668999904109 0.019988883056551606 0.018006934305880667 0.016573136513956727 0.015604562766057867 0.015045025230137390 0.014862051316329389 0.015045025230137383 0.015604562766057867 0.016573136513956727 0.018006934305880667 0.019988883056551589 0.022632668999904099 0.026087396209432609 0.030542209196921143 0.036229730506666329 0.043426525306102567 0.052448055718799451 0.063634883752205634 0.077326521685571303 0.093819764164488922 0.113310106754782355 0.135818405205038129 0.161110291226732261 0.188622282535216762 0.217414226242808012 0.246170043843992159 0.273264961977273291 0.296906033102418920 0.315334962740954350 0.327062543475628797 -0.081307171738997791 -0.079348999573389090 -0.073781287342236976 -0.065439722500421446 -0.055468808928433269 -0.045050603706290465 -0.035173988613861763 -0.026503721473451668 -0.019359528465069747 -0.013776429284672898 -0.009602023600858559 -0.006592429567207700 -0.004484979543785097 -0.003041906479852861 -0.002069478057696719 -0.001420834701450595 -0.000990306563067539 -0.000704711809528996 -0.000514753686568630 -0.000387868674378057 -0.000302834750566116 -0.000245956035469406 -0.000208480229055977 -0.000184909871156956 -0.000171935228038121 -0.000167794402934616 -0.000171935228038121 -0.000184909871156956 -0.000208480229055977 -0.000245956035469406 -0.000302834750566116 -0.000387868674378056 -0.000514753686568631 -0.000704711809528997 -0.000990306563067540 -0.001420834701450594 -0.002069478057696719 -0.003041906479852864 -0.004484979543785087 -0.006592429567207693 -0.009602023600858550 -0.013776429284672860 -0.019359528465069761 -0.026503721473451630 -0.035173988613861729 -0.045050603706290444 -0.055468808928433186 -0.065439722500421446 -0.073781287342236948 -0.079348999573389062 
0.327062543475628908 0.331089168896709307 0.327062543475628908 0.315334962740954405 0.296906033102418809 0.273264961977273513 0.246170043843992187 0.217414226242808123 0.188622282535216873 0.161110291226732205 0.135818405205038295 0.113310106754782397 0.093819764164488978 0.077326521685571359 0.063634883752205634 0.052448055718799465 0.043426525306102567 0.036229730506666301 0.030542209196921129 0.026087396209432609 0.022632668999904109 0.019988883056551606 0.018006934305880667 0.016573136513956734 0.015604562766057867 0.015045025230137390 0.014862051316329389 0.015045025230137383 0.015604562766057867 0.016573136513956727 0.018006934305880656 0.019988883056551589 0.022632668999904109 0.026087396209432609 0.030542209196921143 0.036229730506666301 0.043426525306102567 0.052448055718799451 0.063634883752205551 0.077326521685571303 0.093819764164488922 0.113310106754782203 0.135818405205038295 0.161110291226732039 0.188622282535216762 0.217414226242808012 0.246170043843991937 0.273264961977273513 0.296906033102418698 0.315334962740954350 -0.079348999573389090 -0.081307171738997791 -0.079348999573389090 -0.073781287342236976 -0.065439722500421432 -0.055468808928433269 -0.045050603706290465 -0.035173988613861763 -0.026503721473451654 -0.019359528465069747 -0.013776429284672898 -0.009602023600858559 -0.006592429567207700 -0.004484979543785093 -0.003041906479852861 -0.002069478057696721 -0.001420834701450594 -0.000990306563067539 -0.000704711809528996 -0.000514753686568631 -0.000387868674378057 -0.000302834750566116 -0.000245956035469406 -0.000208480229055977 -0.000184909871156956 -0.000171935228038121 -0.000167794402934616 -0.000171935228038121 -0.000184909871156956 -0.000208480229055977 -0.000245956035469405 -0.000302834750566116 -0.000387868674378057 -0.000514753686568631 -0.000704711809528997 -0.000990306563067538 -0.001420834701450594 -0.002069478057696719 -0.003041906479852856 -0.004484979543785087 -0.006592429567207693 -0.009602023600858526 -0.013776429284672898 -0.019359528465069713 -0.026503721473451630 -0.035173988613861729 -0.045050603706290368 -0.055468808928433269 -0.065439722500421391 -0.073781287342236948 
0.315334962740954405 0.327062543475628908 0.331089168896709307 0.327062543475628908 0.315334962740954405 0.296906033102418920 0.273264961977273513 0.246170043843992187 0.217414226242808123 0.188622282535216901 0.161110291226732205 0.135818405205038351 0.113310106754782397 0.093819764164488964 0.077326521685571359 0.063634883752205662 0.052448055718799430 0.043426525306102554 0.036229730506666301 0.030542209196921129 0.026087396209432595 0.022632668999904099 0.019988883056551606 0.018006934305880667 0.016573136513956727 0.015604562766057867 0.015045025230137383 0.014862051316329389 0.015045025230137383 0.015604562766057867 0.016573136513956716 0.018006934305880656 0.019988883056551613 0.022632668999904109 0.026087396209432609 0.030542209196921105 0.036229730506666301 0.043426525306102567 0.052448055718799375 0.063634883752205551 0.077326521685571303 0.093819764164488798 0.113310106754782355 0.135818405205038129 0.161110291226732039 0.188622282535216762 0.217414226242807818 0.246170043843992159 0.273264961977273291 0.296906033102418698 -0.073781287342236976 -0.079348999573389090 -0.081307171738997791 -0.079348999573389090 -0.073781287342236976 -0.065439722500421446 -0.055468808928433269 -0.045050603706290465 -0.035173988613861763 -0.026503721473451668 -0.019359528465069747 -0.013776429284672910 -0.009602023600858559 -0.006592429567207698 -0.004484979543785097 -0.003041906479852865 -0.002069478057696718 -0.001420834701450591 -0.000990306563067539 -0.000704711809528996 -0.000514753686568630 -0.000387868674378056 -0.000302834750566116 -0.000245956035469406 -0.000208480229055977 -0.000184909871156956 -0.000171935228038121 -0.000167794402934616 -0.000171935228038121 -0.000184909871156956 -0.000208480229055977 -0.000245956035469406 -0.000302834750566116 -0.000387868674378057 -0.000514753686568631 -0.000704711809528996 -0.000990306563067538 -0.001420834701450594 -0.002069478057696714 -0.003041906479852856 -0.004484979543785087 -0.006592429567207674 -0.009602023600858550 -0.013776429284672860 -0.019359528465069713 -0.026503721473451630 -0.035173988613861666 -0.045050603706290444 -0.055468808928433186 -0.065439722500421391 
0.296906033102418920 0.315334962740954405 0.327062543475628908 0.331089168896709307 0.327062543475628908 0.315334962740954405 0.296906033102418920 0.273264961977273513 0.246170043843992159 0.217414226242808123 0.188622282535216901 0.161110291226732205 0.135818405205038351 0.113310106754782397 0.093819764164488964 0.077326521685571359 0.063634883752205634 0.052448055718799430 0.043426525306102567 0.036229730506666315 0.030542209196921129 0.026087396209432595 0.022632668999904109 0.019988883056551623 0.018006934305880667 0.016573136513956727 0.015604562766057867 0.015045025230137390 0.014862051316329389 0.015045025230137383 0.015604562766057860 0.016573136513956716 0.018006934305880667 0.019988883056551613 0.022632668999904109 0.026087396209432609 0.030542209196921143 0.036229730506666329 0.043426525306102567 0.052448055718799451 0.063634883752205634 0.077326521685571303 0.093819764164489047 0.113310106754782355 0.135818405205038295 0.161110291226732261 0.188622282535216762 0.217414226242808234 0.246170043843992159 0.273264961977273513 -0.065439722500421446 -0.073781287342236976 -0.079348999573389090 -0.081307171738997791 -0.079348999573389090 -0.073781287342236976 -0.065439722500421446 -0.055468808928433269 -0.045050603706290444 -0.035173988613861763 -0.026503721473451668 -0.019359528465069747 -0.013776429284672910 -0.009602023600858559 -0.006592429567207698 -0.004484979543785097 -0.003041906479852861 -0.002069478057696718 -0.001420834701450594 -0.000990306563067540 -0.000704711809528996 -0.000514753686568630 -0.000387868674378057 -0.000302834750566117 -0.000245956035469406 -0.000208480229055977 -0.000184909871156956 -0.000171935228038121 -0.000167794402934616 -0.000171935228038121 -0.000184909871156956 -0.000208480229055977 -0.000245956035469406 -0.000302834750566116 -0.000387868674378057 -0.000514753686568631 -0.000704711809528997 -0.000990306563067540 -0.001420834701450594 -0.002069478057696719 -0.003041906479852864 -0.004484979543785087 -0.006592429567207709 -0.009602023600858550 -0.013776429284672898 -0.019359528465069761 -0.026503721473451630 -0.035173988613861798 -0.045050603706290444 -0.055468808928433269 
0.273264961977273513 0.296906033102418809 0.315334962740954405 0.327062543475628908 0.331089168896709307 0.327062543475628908 0.315334962740954461 0.296906033102418920 0.273264961977273513 0.246170043843992187 0.217414226242808123 0.188622282535216956 0.161110291226732261 0.135818405205038295 0.113310106754782397 0.093819764164489020 0.077326521685571359 0.063634883752205607 0.052448055718799451 0.043426525306102609 0.036229730506666301 0.030542209196921105 0.026087396209432609 0.022632668999904109 0.019988883056551606 0.018006934305880667 0.016573136513956727 0.015604562766057867 0.015045025230137390 0.014862051316329389 0.015045025230137383 0.015604562766057860 0.016573136513956727 0.018006934305880667 0.019988883056551623 0.022632668999904109 0.026087396209432609 0.030542209196921143 0.036229730506666301 0.043426525306102567 0.052448055718799451 0.063634883752205551 0.077326521685571400 0.093819764164488922 0.113310106754782355 0.135818405205038295 0.161110291226732039 0.188622282535216984 0.217414226242808012 0.246170043843992159 -0.055468808928433269 -0.065439722500421432 -0.073781287342236976 -0.079348999573389090 -0.081307171738997791 -0.079348999573389090 -0.073781287342237004 -0.065439722500421446 -0.055468808928433269 -0.045050603706290465 -0.035173988613861763 -0.026503721473451675 -0.019359528465069761 -0.013776429284672898 -0.009602023600858559 -0.006592429567207706 -0.004484979543785093 -0.003041906479852860 -0.002069478057696719 -0.001420834701450595 -0.000990306563067539 -0.000704711809528996 -0.000514753686568631 -0.000387868674378057 -0.000302834750566116 -0.000245956035469406 -0.000208480229055977 -0.000184909871156956 -0.000171935228038121 -0.000167794402934616 -0.000171935228038121 -0.000184909871156956 -0.000208480229055977 -0.000245956035469406 -0.000302834750566117 -0.000387868674378057 -0.000514753686568631 -0.000704711809528997 -0.000990306563067538 -0.001420834701450594 -0.002069478057696719 -0.003041906479852856 -0.004484979543785099 -0.006592429567207693 -0.009602023600858550 -0.013776429284672898 -0.019359528465069713 -0.026503721473451685 -0.035173988613861729 -0.045050603706290444 
0.246170043843992187 0.273264961977273513 0.296906033102418920 0.315334962740954405 0.327062543475628908 0.331089168896709307 0.327062543475628908 0.315334962740954405 0.296906033102418809 0.273264961977273513 0.246170043843992187 0.217414226242808123 0.188622282535216956 0.161110291226732205 0.135818405205038295 0.113310106754782425 0.093819764164488964 0.077326521685571317 0.063634883752205634 0.052448055718799465 0.043426525306102567 0.036229730506666301 0.030542209196921129 0.026087396209432609 0.022632668999904109 0.019988883056551606 0.018006934305880667 0.016573136513956727 0.015604562766057867 0.015045025230137383 0.014862051316329389 0.015045025230137383 0.015604562766057867 0.016573136513956727 0.018006934305880667 0.019988883056551606 0.022632668999904109 0.026087396209432609 0.030542209196921105 0.036229730506666301 0.043426525306102567 0.052448055718799375 0.063634883752205634 0.077326521685571303 0.093819764164488922 0.113310106754782355 0.135818405205038129 0.161110291226732261 0.188622282535216762 0.217414226242808012 -0.045050603706290465 -0.055468808928433269 -0.065439722500421446 -0.073781287342236976 -0.079348999573389090 -0.081307171738997791 -0.079348999573389090 -0.073781287342236976 -0.065439722500421432 -0.055468808928433269 -0.045050603706290465 -0.035173988613861763 -0.026503721473451675 -0.019359528465069747 -0.013776429284672898 -0.009602023600858564 -0.006592429567207698 -0.004484979543785091 -0.003041906479852861 -0.002069478057696721 -0.001420834701450594 -0.000990306563067539 -0.000704711809528996 -0.000514753686568631 -0.000387868674378057 -0.000302834750566116 -0.000245956035469406 -0.000208480229055977 -0.000184909871156956 -0.000171935228038121 -0.000167794402934616 -0.000171935228038121 -0.000184909871156956 -0.000208480229055977 -0.000245956035469406 -0.000302834750566116 -0.000387868674378057 -0.000514753686568631 -0.000704711809528996 -0.000990306563067538 -0.001420834701450594 -0.002069478057696714 -0.003041906479852864 -0.004484979543785087 -0.006592429567207693 -0.009602023600858550 -0.013776429284672860 -0.019359528465069761 -0.026503721473451630 -0.035173988613861729 
0.217414226242808123 0.246170043843992187 0.273264961977273513 0.296906033102418920 0.315334962740954461 0.327062543475628908 0.331089168896709307 0.327062543475628908 0.315334962740954405 0.296906033102418809 0.273264961977273513 0.246170043843992187 0.217414226242808123 0.188622282535216873 0.161110291226732205 0.135818405205038351 0.113310106754782355 0.093819764164488922 0.077326521685571359 0.063634883752205634 0.052448055718799451 0.043426525306102567 0.036229730506666301 0.030542209196921143 0.026087396209432609 0.022632668999904109 0.019988883056551606 0.018006934305880667 0.016573136513956727 0.015604562766057867 0.015045025230137390 0.014862051316329389 0.015045025230137383 0.015604562766057867 0.016573136513956727 0.018006934305880656 0.019988883056551606 0.022632668999904109 0.026087396209432571 0.030542209196921105 0.036229730506666301 0.043426525306102512 0.052448055718799451 0.063634883752205551 0.077326521685571303 0.093819764164488922 0.113310106754782203 0.135818405205038295 0.161110291226732039 0.188622282535216762 -0.035173988613861763 -0.045050603706290465 -0.055468808928433269 -0.065439722500421446 -0.073781287342237004 -0.079348999573389090 -0.081307171738997791 -0.079348999573389090 -0.073781287342236976 -0.065439722500421432 -0.055468808928433269 -0.045050603706290465 -0.035173988613861763 -0.026503721473451654 -0.019359528465069747 -0.013776429284672910 -0.009602023600858550 -0.006592429567207693 -0.004484979543785093 -0.003041906479852864 -0.002069478057696719 -0.001420834701450594 -0.000990306563067539 -0.000704711809528998 -0.000514753686568631 -0.000387868674378057 -0.000302834750566116 -0.000245956035469406 -0.000208480229055977 -0.000184909871156956 -0.000171935228038121 -0.000167794402934616 -0.000171935228038121 -0.000184909871156956 -0.000208480229055977 -0.000245956035469406 -0.000302834750566116 -0.000387868674378057 -0.000514753686568630 -0.000704711809528996 -0.000990306563067538 -0.001420834701450590 -0.002069478057696719 -0.003041906479852856 -0.004484979543785087 -0.006592429567207693 -0.009602023600858526 -0.013776429284672898 -0.019359528465069713 -0.026503721473451630 
0.188622282535216901 0.217414226242808123 0.246170043843992187 0.273264961977273513 0.296906033102418920 0.315334962740954405 0.327062543475628908 0.331089168896709307 0.327062543475628908 0.315334962740954405 0.296906033102418920 0.273264961977273513 0.246170043843992187 0.217414226242808123 0.188622282535216901 0.161110291226732288 0.135818405205038240 0.113310106754782300 0.093819764164488964 0.077326521685571359 0.063634883752205634 0.052448055718799430 0.043426525306102567 0.036229730506666315 0.030542209196921129 0.026087396209432595 0.022632668999904099 0.019988883056551606 0.018006934305880667 0.016573136513956727 0.015604562766057867 0.015045025230137390 0.014862051316329389 0.015045025230137390 0.015604562766057867 0.016573136513956727 0.018006934305880667 0.019988883056551613 0.022632668999904099 0.026087396209432571 0.030542209196921105 0.036229730506666245 0.043426525306102567 0.052448055718799375 0.063634883752205551 0.077326521685571303 0.093819764164488798 0.113310106754782355 0.135818405205038129 0.161110291226732039 -0.026503721473451668 -0.035173988613861763 -0.045050603706290465 -0.055468808928433269 -0.065439722500421446 -0.073781287342236976 -0.079348999573389090 -0.081307171738997791 -0.079348999573389090 -0.073781287342236976 -0.065439722500421446 -0.055468808928433269 -0.045050603706290465 -0.035173988613861763 -0.026503721473451668 -0.019359528465069772 -0.013776429284672889 -0.009602023600858546 -0.006592429567207698 -0.004484979543785097 -0.003041906479852861 -0.002069478057696718 -0.001420834701450594 -0.000990306563067540 -0.000704711809528996 -0.000514753686568630 -0.000387868674378056 -0.000302834750566116 -0.000245956035469406 -0.000208480229055977 -0.000184909871156956 -0.000171935228038121 -0.000167794402934616 -0.000171935228038121 -0.000184909871156956 -0.000208480229055977 -0.000245956035469406 -0.000302834750566116 -0.000387868674378056 -0.000514753686568630 -0.000704711809528996 -0.000990306563067536 -0.001420834701450594 -0.002069478057696714 -0.003041906479852856 -0.004484979543785087 -0.006592429567207674 -0.009602023600858550 -0.013776429284672860 -0.019359528465069713 
0.161110291226732205 0.188622282535216873 0.217414226242808123 0.246170043843992159 0.273264961977273513 0.296906033102418809 0.315334962740954405 0.327062543475628908 0.331089168896709307 0.327062543475628908 0.315334962740954461 0.296906033102418920 0.273264961977273568 0.246170043843992187 0.217414226242808123 0.188622282535216984 0.161110291226732205 0.135818405205038240 0.113310106754782397 0.093819764164489020 0.077326521685571359 0.063634883752205634 0.052448055718799465 0.043426525306102609 0.036229730506666315 0.030542209196921129 0.026087396209432595 0.022632668999904109 0.019988883056551606 0.018006934305880667 0.016573136513956734 0.015604562766057867 0.015045025230137383 0.014862051316329389 0.015045025230137390 0.015604562766057867 0.016573136513956727 0.018006934305880667 0.019988883056551589 0.022632668999904099 0.026087396209432609 0.030542209196921105 0.036229730506666329 0.043426525306102567 0.052448055718799375 0.063634883752205634 0.077326521685571303 0.093819764164489047 0.113310106754782355 0.135818405205038129 -0.019359528465069747 -0.026503721473451654 -0.035173988613861763 -0.045050603706290444 -0.055468808928433269 -0.065439722500421432 -0.073781287342236976 -0.079348999573389090 -0.081307171738997791 -0.079348999573389090 -0.073781287342237004 -0.065439722500421446 -0.055468808928433290 -0.045050603706290465 -0.035173988613861763 -0.026503721473451685 -0.019359528465069747 -0.013776429284672889 -0.009602023600858559 -0.006592429567207706 -0.004484979543785097 -0.003041906479852861 -0.002069478057696721 -0.001420834701450595 -0.000990306563067540 -0.000704711809528996 -0.000514753686568630 -0.000387868674378057 -0.000302834750566116 -0.000245956035469406 -0.000208480229055977 -0.000184909871156956 -0.000171935228038121 -0.000167794402934616 -0.000171935228038121 -0.000184909871156956 -0.000208480229055977 -0.000245956035469406 -0.000302834750566116 -0.000387868674378056 -0.000514753686568631 -0.000704711809528996 -0.000990306563067540 -0.001420834701450594 -0.002069478057696714 -0.003041906479852864 -0.004484979543785087 -0.006592429567207709 -0.009602023600858550 -0.013776429284672860 
0.135818405205038295 0.161110291226732205 0.188622282535216901 0.217414226242808123 0.246170043843992187 0.273264961977273513 0.296906033102418809 0.315334962740954405 0.327062543475628908 0.331089168896709307 0.327062543475628908 0.315334962740954461 0.296906033102418920 0.273264961977273513 0.246170043843992187 0.217414226242808178 0.188622282535216873 0.161110291226732150 0.135818405205038295 0.113310106754782425 0.093819764164488978 0.077326521685571359 0.063634883752205634 0.052448055718799479 0.043426525306102609 0.036229730506666301 0.030542209196921105 0.026087396209432609 0.022632668999904109 0.019988883056551606 0.018006934305880674 0.016573136513956734 0.015604562766057867 0.015045025230137383 0.014862051316329389 0.015045025230137383 0.015604562766057867 0.016573136513956727 0.018006934305880656 0.019988883056551606 0.022632668999904109 0.026087396209432571 0.030542209196921143 0.036229730506666301 0.043426525306102567 0.052448055718799451 0.063634883752205551 0.077326521685571400 0.093819764164488922 0.113310106754782355 -0.013776429284672898 -0.019359528465069747 -0.026503721473451668 -0.035173988613861763 -0.045050603706290465 -0.055468808928433269 -0.065439722500421432 -0.073781287342236976 -0.079348999573389090 -0.081307171738997791 -0.079348999573389090 -0.073781287342237004 -0.065439722500421446 -0.055468808928433269 -0.045050603706290465 -0.035173988613861784 -0.026503721473451654 -0.019359528465069737 -0.013776429284672898 -0.009602023600858564 -0.006592429567207700 -0.004484979543785093 -0.003041906479852864 -0.002069478057696723 -0.001420834701450595 -0.000990306563067539 -0.000704711809528996 -0.000514753686568631 -0.000387868674378057 -0.000302834750566116 -0.000245956035469406 -0.000208480229055977 -0.000184909871156956 -0.000171935228038121 -0.000167794402934616 -0.000171935228038121 -0.000184909871156956 -0.000208480229055977 -0.000245956035469406 -0.000302834750566116 -0.000387868674378057 -0.000514753686568630 -0.000704711809528997 -0.000990306563067538 -0.001420834701450594 -0.002069478057696719 -0.003041906479852856 -0.004484979543785099 -0.006592429567207693 -0.009602023600858550 
0.113310106754782397 0.135818405205038295 0.161110291226732205 0.188622282535216901 0.217414226242808123 0.246170043843992187 0.273264961977273513 0.296906033102418920 0.315334962740954461 0.327062543475628908 0.331089168896709307 0.327062543475628908 0.315334962740954461 0.296906033102418809 0.273264961977273513 0.246170043843992215 0.217414226242808123 0.188622282535216790 0.161110291226732205 0.135818405205038351 0.113310106754782397 0.093819764164488964 0.077326521685571359 0.063634883752205662 0.052448055718799465 0.043426525306102567 0.036229730506666301 0.030542209196921129 0.026087396209432595 0.022632668999904099 0.019988883056551623 0.018006934305880667 0.016573136513956727 0.015604562766057867 0.015045025230137383 0.014862051316329389 0.015045025230137383 0.015604562766057867 0.016573136513956716 0.018006934305880656 0.019988883056551606 0.022632668999904081 0.026087396209432609 0.030542209196921105 0.036229730506666301 0.043426525306102567 0.052448055718799375 0.063634883752205634 0.077326521685571303 0.093819764164488922 -0.009602023600858559 -0.013776429284672898 -0.019359528465069747 -0.026503721473451668 -0.035173988613861763 -0.045050603706290465 -0.055468808928433269 -0.065439722500421446 -0.073781287342237004 -0.079348999573389090 -0.081307171738997791 -0.079348999573389090 -0.073781287342237004 -0.065439722500421432 -0.055468808928433269 -0.045050603706290472 -0.035173988613861749 -0.026503721473451636 -0.019359528465069747 -0.013776429284672910 -0.009602023600858559 -0.006592429567207698 -0.004484979543785097 -0.003041906479852865 -0.002069478057696721 -0.001420834701450594 -0.000990306563067539 -0.000704711809528996 -0.000514753686568630 -0.000387868674378056 -0.000302834750566117 -0.000245956035469406 -0.000208480229055977 -0.000184909871156956 -0.000171935228038121 -0.000167794402934616 -0.000171935228038121 -0.000184909871156956 -0.000208480229055977 -0.000245956035469406 -0.000302834750566116 -0.000387868674378056 -0.000514753686568631 -0.000704711809528996 -0.000990306563067538 -0.001420834701450594 -0.002069478057696714 -0.003041906479852864 -0.004484979543785087 -0.006592429567207693 
0.093819764164488978 0.113310106754782397 0.135818405205038351 0.161110291226732205 0.188622282535216956 0.217414226242808123 0.246170043843992187 0.273264961977273513 0.296906033102418920 0.315334962740954461 0.327062543475628908 0.331089168896709307 0.327062543475628908 0.315334962740954405 0.296906033102418809 0.273264961977273568 0.246170043843992159 0.217414226242808012 0.188622282535216873 0.161110291226732261 0.135818405205038295 0.113310106754782355 0.093819764164488978 0.077326521685571400 0.063634883752205634 0.052448055718799451 0.043426525306102567 0.036229730506666301 0.030542209196921105 0.026087396209432571 0.022632668999904109 0.019988883056551606 0.018006934305880667 0.016573136513956727 0.015604562766057867 0.015045025230137390 0.014862051316329389 0.015045025230137383 0.015604562766057860 0.016573136513956716 0.018006934305880656 0.019988883056551589 0.022632668999904109 0.026087396209432571 0.030542209196921105 0.036229730506666301 0.043426525306102512 0.052448055718799451 0.063634883752205551 0.077326521685571303 -0.006592429567207700 -0.009602023600858559 -0.013776429284672910 -0.019359528465069747 -0.026503721473451675 -0.035173988613861763 -0.045050603706290465 -0.055468808928433269 -0.065439722500421446 -0.073781287342237004 -0.079348999573389090 -0.081307171738997791 -0.079348999573389090 -0.073781287342236976 -0.065439722500421432 -0.055468808928433290 -0.045050603706290444 -0.035173988613861729 -0.026503721473451654 -0.019359528465069761 -0.013776429284672898 -0.009602023600858550 -0.006592429567207700 -0.004484979543785099 -0.003041906479852864 -0.002069478057696719 -0.001420834701450594 -0.000990306563067539 -0.000704711809528996 -0.000514753686568630 -0.000387868674378057 -0.000302834750566116 -0.000245956035469406 -0.000208480229055977 -0.000184909871156956 -0.000171935228038121 -0.000167794402934616 -0.000171935228038121 -0.000184909871156956 -0.000208480229055977 -0.000245956035469406 -0.000302834750566116 -0.000387868674378057 -0.000514753686568630 -0.000704711809528996 -0.000990306563067538 -0.001420834701450590 -0.002069478057696719 -0.003041906479852856 -0.004484979543785087 
0.077326521685571359 0.093819764164488978 0.113310106754782397 0.135818405205038351 0.161110291226732261 0.188622282535216956 0.217414226242808123 0.246170043843992187 0.273264961977273568 0.296906033102418920 0.315334962740954461 0.327062543475628908 0.331089168896709307 0.327062543475628797 0.315334962740954405 0.296906033102418920 0.273264961977273457 0.246170043843992103 0.217414226242808123 0.188622282535216956 0.161110291226732205 0.135818405205038240 0.113310106754782397 0.093819764164489020 0.077326521685571359 0.063634883752205634 0.052448055718799430 0.043426525306102567 0.036229730506666301 0.030542209196921105 0.026087396209432609 0.022632668999904109 0.019988883056551596 0.018006934305880656 0.016573136513956709 0.015604562766057867 0.015045025230137383 0.014862051316329389 0.015045025230137383 0.015604562766057867 0.016573136513956727 0.018006934305880656 0.019988883056551613 0.022632668999904099 0.026087396209432609 0.030542209196921105 0.036229730506666245 0.043426525306102567 0.052448055718799375 0.063634883752205634 -0.004484979543785097 -0.006592429567207700 -0.009602023600858559 -0.013776429284672910 -0.019359528465069761 -0.026503721473451675 -0.035173988613861763 -0.045050603706290465 -0.055468808928433290 -0.065439722500421446 -0.073781287342237004 -0.079348999573389090 -0.081307171738997791 -0.079348999573389062 -0.073781287342236976 -0.065439722500421446 -0.055468808928433255 -0.045050603706290430 -0.035173988613861749 -0.026503721473451675 -0.019359528465069747 -0.013776429284672889 -0.009602023600858559 -0.006592429567207706 -0.004484979543785097 -0.003041906479852861 -0.002069478057696718 -0.001420834701450594 -0.000990306563067539 -0.000704711809528996 -0.000514753686568631 -0.000387868674378057 -0.000302834750566116 -0.000245956035469405 -0.000208480229055976 -0.000184909871156956 -0.000171935228038121 -0.000167794402934616 -0.000171935228038121 -0.000184909871156956 -0.000208480229055977 -0.000245956035469405 -0.000302834750566116 -0.000387868674378056 -0.000514753686568631 -0.000704711809528996 -0.000990306563067536 -0.001420834701450594 -0.002069478057696714 -0.003041906479852864 
0.063634883752205634 0.077326521685571359 0.093819764164488964 0.113310106754782397 0.135818405205038295 0.161110291226732205 0.188622282535216873 0.217414226242808123 0.246170043843992187 0.273264961977273513 0.296906033102418809 0.315334962740954405 0.327062543475628797 0.331089168896709307 0.327062543475628908 0.315334962740954461 0.296906033102418809 0.273264961977273457 0.246170043843992187 0.217414226242808178 0.188622282535216956 0.161110291226732205 0.135818405205038351 0.113310106754782480 0.093819764164489020 0.077326521685571359 0.063634883752205634 0.052448055718799465 0.043426525306102567 0.036229730506666301 0.030542209196921143 0.026087396209432609 0.022632668999904099 0.019988883056551596 0.018006934305880656 0.016573136513956727 0.015604562766057867 0.015045025230137383 0.014862051316329389 0.015045025230137383 0.015604562766057867 0.016573136513956709 0.018006934305880667 0.019988883056551589 0.022632668999904099 0.026087396209432609 0.030542209196921105 0.036229730506666329 0.043426525306102567 0.052448055718799375 -0.003041906479852861 -0.004484979543785093 -0.006592429567207698 -0.009602023600858559 -0.013776429284672898 -0.019359528465069747 -0.026503721473451654 -0.035173988613861763 -0.045050603706290465 -0.055468808928433269 -0.065439722500421432 -0.073781287342236976 -0.079348999573389062 -0.081307171738997791 -0.079348999573389090 -0.073781287342237004 -0.065439722500421432 -0.055468808928433255 -0.045050603706290465 -0.035173988613861784 -0.026503721473451675 -0.019359528465069747 -0.013776429284672910 -0.009602023600858571 -0.006592429567207706 -0.004484979543785097 -0.003041906479852861 -0.002069478057696721 -0.001420834701450594 -0.000990306563067539 -0.000704711809528998 -0.000514753686568631 -0.000387868674378056 -0.000302834750566116 -0.000245956035469405 -0.000208480229055977 -0.000184909871156956 -0.000171935228038121 -0.000167794402934616 -0.000171935228038121 -0.000184909871156956 -0.000208480229055976 -0.000245956035469406 -0.000302834750566116 -0.000387868674378056 -0.000514753686568631 -0.000704711809528996 -0.000990306563067540 -0.001420834701450594 -0.002069478057696714 
0.052448055718799451 0.063634883752205634 0.077326521685571359 0.093819764164488964 0.113310106754782397 0.135818405205038295 0.161110291226732205 0.188622282535216901 0.217414226242808123 0.246170043843992187 0.273264961977273513 0.296906033102418809 0.315334962740954405 0.327062543475628908 0.331089168896709307 0.327062543475628908 0.315334962740954405 0.296906033102418809 0.273264961977273513 0.246170043843992215 0.217414226242808123 0.188622282535216873 0.161110291226732261 0.135818405205038406 0.113310106754782425 0.093819764164488978 0.077326521685571359 0.063634883752205634 0.052448055718799451 0.043426525306102567 0.036229730506666342 0.030542209196921143 0.026087396209432571 0.022632668999904092 0.019988883056551589 0.018006934305880667 0.016573136513956727 0.015604562766057867 0.015045025230137390 0.014862051316329389 0.015045025230137383 0.015604562766057860 0.016573136513956727 0.018006934305880656 0.019988883056551606 0.022632668999904109 0.026087396209432571 0.030542209196921143 0.036229730506666301 0.043426525306102567 -0.002069478057696719 -0.003041906479852861 -0.004484979543785097 -0.006592429567207698 -0.009602023600858559 -0.013776429284672898 -0.019359528465069747 -0.026503721473451668 -0.035173988613861763 -0.045050603706290465 -0.055468808928433269 -0.065439722500421432 -0.073781287342236976 -0.079348999573389090 -0.081307171738997791 -0.079348999573389090 -0.073781287342236976 -0.065439722500421432 -0.055468808928433269 -0.045050603706290472 -0.035173988613861763 -0.026503721473451654 -0.019359528465069761 -0.013776429284672919 -0.009602023600858564 -0.006592429567207700 -0.004484979543785093 -0.003041906479852864 -0.002069478057696719 -0.001420834701450594 -0.000990306563067541 -0.000704711809528998 -0.000514753686568630 -0.000387868674378056 -0.000302834750566116 -0.000245956035469406 -0.000208480229055977 -0.000184909871156956 -0.000171935228038121 -0.000167794402934616 -0.000171935228038121 -0.000184909871156956 -0.000208480229055977 -0.000245956035469406 -0.000302834750566116 -0.000387868674378057 -0.000514753686568630 -0.000704711809528997 -0.000990306563067538 -0.001420834701450594 
0.043426525306102609 0.052448055718799465 0.063634883752205662 0.077326521685571359 0.093819764164489020 0.113310106754782425 0.135818405205038351 0.161110291226732288 0.188622282535216984 0.217414226242808178 0.246170043843992215 0.273264961977273568 0.296906033102418920 0.315334962740954461 0.327062543475628908 0.331089168896709307 0.327062543475628797 0.315334962740954350 0.296906033102418809 0.273264961977273513 0.246170043843992159 0.217414226242808012 0.188622282535216873 0.161110291226732261 0.135818405205038295 0.113310106754782355 0.093819764164488922 0.077326521685571359 0.063634883752205607 0.052448055718799416 0.043426525306102609 0.036229730506666301 0.030542209196921105 0.026087396209432571 0.022632668999904092 0.019988883056551606 0.018006934305880667 0.016573136513956727 0.015604562766057867 0.015045025230137390 0.014862051316329389 0.015045025230137383 0.015604562766057867 0.016573136513956716 0.018006934305880656 0.019988883056551606 0.022632668999904081 0.026087396209432609 0.030542209196921105 0.036229730506666301 -0.001420834701450595 -0.002069478057696721 -0.003041906479852865 -0.004484979543785097 -0.006592429567207706 -0.009602023600858564 -0.013776429284672910 -0.019359528465069772 -0.026503721473451685 -0.035173988613861784 -0.045050603706290472 -0.055468808928433290 -0.065439722500421446 -0.073781287342237004 -0.079348999573389090 -0.081307171738997791 -0.079348999573389062 -0.073781287342236948 -0.065439722500421432 -0.055468808928433269 -0.045050603706290444 -0.035173988613861729 -0.026503721473451654 -0.019359528465069761 -0.013776429284672898 -0.009602023600858550 -0.006592429567207693 -0.004484979543785093 -0.003041906479852860 -0.002069478057696716 -0.001420834701450595 -0.000990306563067539 -0.000704711809528996 -0.000514753686568630 -0.000387868674378056 -0.000302834750566116 -0.000245956035469406 -0.000208480229055977 -0.000184909871156956 -0.000171935228038121 -0.000167794402934616 -0.000171935228038121 -0.000184909871156956 -0.000208480229055977 -0.000245956035469406 -0.000302834750566116 -0.000387868674378056 -0.000514753686568631 -0.000704711809528996 -0.000990306563067538 
0.036229730506666301 0.043426525306102567 0.052448055718799430 0.063634883752205634 0.077326521685571359 0.093819764164488964 0.113310106754782355 0.135818405205038240 0.161110291226732205 0.188622282535216873 0.217414226242808123 0.246170043843992159 0.273264961977273457 0.296906033102418809 0.315334962740954405 0.327062543475628797 0.331089168896709307 0.327062543475628797 0.315334962740954461 0.296906033102418920 0.273264961977273568 0.246170043843992187 0.217414226242808178 0.188622282535217067 0.161110291226732288 0.135818405205038351 0.113310106754782397 0.093819764164489020 0.077326521685571359 0.063634883752205634 0.052448055718799506 0.043426525306102609 0.036229730506666301 0.030542209196921105 0.026087396209432571 0.022632668999904109 0.019988883056551606 0.018006934305880667 0.016573136513956734 0.015604562766057867 0.015045025230137390 0.014862051316329389 0.015045025230137383 0.015604562766057860 0.016573136513956716 0.018006934305880656 0.019988883056551589 0.022632668999904109 0.026087396209432571 0.030542209196921105 -0.000990306563067539 -0.001420834701450594 -0.002069478057696718 -0.003041906479852861 -0.004484979543785093 -0.006592429567207698 -0.009602023600858550 -0.013776429284672889 -0.019359528465069747 -0.026503721473451654 -0.035173988613861749 -0.045050603706290444 -0.055468808928433255 -0.065439722500421432 -0.073781287342236976 -0.079348999573389062 -0.081307171738997791 -0.079348999573389062 -0.073781287342237004 -0.065439722500421474 -0.055468808928433290 -0.045050603706290465 -0.035173988613861784 -0.026503721473451706 -0.019359528465069772 -0.013776429284672910 -0.009602023600858559 -0.006592429567207706 -0.004484979543785097 -0.003041906479852861 -0.002069478057696724 -0.001420834701450595 -0.000990306563067539 -0.000704711809528996 -0.000514753686568630 -0.000387868674378057 -0.000302834750566116 -0.000245956035469406 -0.000208480229055977 -0.000184909871156956 -0.000171935228038121 -0.000167794402934616 -0.000171935228038121 -0.000184909871156956 -0.000208480229055977 -0.000245956035469406 -0.000302834750566116 -0.000387868674378057 -0.000514753686568630 -0.000704711809528996 
0.030542209196921105 0.036229730506666301 0.043426525306102554 0.052448055718799430 0.063634883752205607 0.077326521685571317 0.093819764164488922 0.113310106754782300 0.135818405205038240 0.161110291226732150 0.188622282535216790 0.217414226242808012 0.246170043843992103 0.273264961977273457 0.296906033102418809 0.315334962740954350 0.327062543475628797 0.331089168896709307 0.327062543475628908 0.315334962740954516 0.296906033102418920 0.273264961977273568 0.246170043843992298 0.217414226242808262 0.188622282535217067 0.161110291226732288 0.135818405205038351 0.113310106754782480 0.093819764164489020 0.077326521685571359 0.063634883752205718 0.052448055718799506 0.043426525306102567 0.036229730506666301 0.030542209196921105 0.026087396209432609 0.022632668999904109 0.019988883056551606 0.018006934305880674 0.016573136513956734 0.015604562766057867 0.015045025230137390 0.014862051316329389 0.015045025230137383 0.015604562766057860 0.016573136513956716 0.018006934305880649 0.019988883056551606 0.022632668999904081 0.026087396209432571 -0.000704711809528996 -0.000990306563067539 -0.001420834701450591 -0.002069478057696718 -0.003041906479852860 -0.004484979543785091 -0.006592429567207693 -0.009602023600858546 -0.013776429284672889 -0.019359528465069737 -0.026503721473451636 -0.035173988613861729 -0.045050603706290430 -0.055468808928433255 -0.065439722500421432 -0.073781287342236948 -0.079348999573389062 -0.081307171738997791 -0.079348999573389090 -0.073781287342237031 -0.065439722500421474 -0.055468808928433290 -0.045050603706290493 -0.035173988613861812 -0.026503721473451706 -0.019359528465069772 -0.013776429284672910 -0.009602023600858571 -0.006592429567207706 -0.004484979543785097 -0.003041906479852869 -0.002069478057696724 -0.001420834701450594 -0.000990306563067539 -0.000704711809528996 -0.000514753686568631 -0.000387868674378057 -0.000302834750566116 -0.000245956035469406 -0.000208480229055977 -0.000184909871156956 -0.000171935228038121 -0.000167794402934616 -0.000171935228038121 -0.000184909871156956 -0.000208480229055977 -0.000245956035469405 -0.000302834750566116 -0.000387868674378056 -0.000514753686568630 
