1.000000000000000000e+00 9.771343169682525920e-01 9.171830012096465756e-01 8.313369753991702860e-01 7.334552115764846336e-01 6.367754297587647772e-01 5.497326492167746714e-01 4.771084104564595196e-01 4.179968215044871371e-01 3.692214183182522813e-01 3.271078148176809197e-01 2.902384227905453473e-01 2.563141350381933914e-01 2.265296675168258500e-01 2.008050457372570485e-01 1.810411817720649630e-01 1.664516691972999785e-01 1.565971693594025438e-01 1.507158944850924831e-01 1.476551671833223889e-01 1.472290943044400613e-01 1.485961229557253849e-01 1.504710164423753160e-01 1.526213764647217919e-01 1.539378727379948353e-01 1.539733164468870541e-01 1.512955997721932844e-01 1.485840138806919231e-01 1.457046502923763642e-01 1.441790954588661744e-01 1.438495645353999597e-01 1.454749281806666239e-01 1.491100020082275490e-01 1.543771035662040436e-01 1.639515591631033886e-01 1.778902378695780828e-01 1.959207747850595094e-01 2.192924043195315364e-01 2.467940007426698557e-01 2.783042280973189730e-01 3.147152014299695599e-01 3.556233153170504369e-01 4.034969366490143150e-01 4.625111423115718656e-01 5.355169593671572636e-01 6.246175302211978142e-01 7.252101480343412510e-01 8.270464898462173142e-01 9.160079061159139835e-01 9.770448728198981581e-01 9.349463127486897784e-01 9.232795101847870445e-01 8.901430423032019590e-01 8.409260392635242720e-01 7.833821351503829078e-01 7.235693164290299961e-01 6.657364745425009556e-01 6.132043807206616348e-01 5.649253275016945519e-01 5.209079650781468507e-01 4.796346428789752259e-01 4.406822889077053329e-01 4.042364202173542864e-01 3.710494803595479896e-01 3.408795632444462931e-01 3.146779694035848340e-01 2.931237101055299554e-01 2.747271483421168670e-01 2.603562653537679350e-01 2.488735171699053839e-01 2.397820507900177700e-01 2.340717475492709587e-01 2.298908858858388360e-01 2.267501990882554441e-01 2.253914901954973127e-01 2.243683714583071531e-01 2.235183914299563313e-01 2.244385405797440225e-01 2.266207011597689558e-01 2.306895616030221474e-01 2.367430689154798595e-01 2.453752960173901931e-01 2.563286040663343424e-01 2.701174431183965829e-01 2.873727725100380104e-01 3.084090654006125254e-01 3.337363593081734137e-01 3.626141411176911356e-01 3.953085555707600007e-01 4.313522998734105607e-01 4.700060904321670119e-01 5.108942908221325574e-01 5.549011176271976264e-01 6.037660549198036186e-01 6.571702626579184470e-01 7.162817539774372078e-01 7.779036907652921995e-01 8.374162856643649899e-01 8.883255811958791215e-01 9.226104266469866699e-01
9.771343169682525920e-01 1.000000000000000222e+00 9.772766955796048371e-01 9.175251859196013049e-01 8.307694297605291434e-01 7.316054590947340674e-01 6.334739307974799338e-01 5.465952028276552799e-01 4.743263747353316795e-01 4.150479131216981976e-01 3.652282159951921736e-01 3.228797938793596112e-01 2.843873441131001822e-01 2.505115908532721813e-01 2.205646151517787756e-01 1.967663720559116869e-01 1.783041815439536382e-01 1.649826003947074959e-01 1.562062491382239793e-01 1.509552623286539441e-01 1.489491867020236449e-01 1.497026116738137402e-01 1.517334841028746273e-01 1.540496281430710768e-01 1.558875403725289432e-01 1.560618937089434666e-01 1.533784085969646660e-01 1.505245772097864587e-01 1.472997916783728434e-01 1.451379190030142319e-01 1.437994736621582281e-01 1.439173625221279729e-01 1.453788802422737170e-01 1.476816969634332788e-01 1.534795549378429047e-01 1.633221625863593984e-01 1.768783753136764503e-01 1.959580163415842735e-01 2.192474361824287843e-01 2.468574573075522638e-01 2.791734188965269703e-01 3.152733451750688309e-01 3.561461681487706477e-01 4.053613245739906557e-01 4.653433831326145853e-01 5.402689124059257830e-01 6.296916557307329354e-01 7.289066723832180461e-01 8.291709224211210039e-01 9.167783759279818367e-01 9.231236132405968853e-01 9.352193386681070253e-01 9.234578873119387854e-01 8.899175972007925539e-01 8.406358292396801657e-01 7.824595994331015048e-01 7.217774188129700841e-01 6.643796390128219320e-01 6.111417890792825158e-01 5.628327165133912846e-01 5.180667410252240979e-01 4.761508389947233244e-01 4.368550703230543175e-01 4.005727239275752027e-01 3.672938628626414848e-01 3.377565149749934270e-01 3.128155877213237290e-01 2.912216194220420551e-01 2.739240433316033063e-01 2.599551641881743813e-01 2.486822098327611530e-01 2.410843312527315707e-01 2.355187983317982570e-01 2.311384230847461640e-01 2.286311135998006505e-01 2.263579518224625164e-01 2.243070951055724238e-01 2.237985751322084937e-01 2.244324750302978122e-01 2.268206795666857789e-01 2.308471963657974801e-01 2.372145127787682883e-01 2.455005945533036693e-01 2.562561189936196082e-01 2.700849775309635548e-01 2.874475834435673560e-01 3.091079522390469680e-01 3.344234640707618444e-01 3.637836382254630574e-01 3.968936067235585008e-01 4.327922336400891745e-01 4.710142993414248580e-01 5.118320823857350765e-01 5.566694694322934511e-01 6.051814296411780481e-01 6.596231758792608924e-01 7.185219805642865110e-01 7.798107248247019285e-01 8.390990969473806071e-01 8.892126783898607334e-01
9.171830012096465756e-01 9.772766955796048371e-01 1.000000000000000222e+00 9.772120787393124841e-01 9.167266656204784425e-01 8.285401627268546010e-01 7.279264861014481669e-01 6.297523780615633671e-01 5.431456711637583368e-01 4.701989352976554404e-01 4.095747708246742502e-01 3.595139698624780777e-01 3.156011293700974885e-01 2.776583277836643382e-01 2.438253923371699328e-01 2.163249740577928570e-01 1.939859762642009988e-01 1.767728493767849740e-01 1.645360305790660171e-01 1.564311030870416952e-01 1.522335418414664798e-01 1.517262901274683273e-01 1.532845314588434371e-01 1.553932548845999295e-01 1.574310739888389321e-01 1.575715000192229875e-01 1.550990142713807585e-01 1.523184832878254902e-01 1.490815691370651064e-01 1.468689635243181635e-01 1.450320347257382791e-01 1.443327940787592079e-01 1.443080990557326360e-01 1.443426628344484930e-01 1.469252558477908421e-01 1.531847385895676872e-01 1.625666389129475364e-01 1.773591132167096907e-01 1.963801245364490133e-01 2.200554862068156703e-01 2.484742119758683865e-01 2.808326067582532781e-01 3.168279297813466622e-01 3.592537602749691361e-01 4.092386575545814975e-01 4.710429445747159050e-01 5.461704052535004683e-01 6.339707008234646279e-01 7.318439891708535816e-01 8.305127039702007163e-01 8.901170432832602453e-01 9.236260599807393223e-01 9.353340791211954830e-01 9.230564394880131918e-01 8.891759054629333470e-01 8.390956169077299354e-01 7.799835682398464920e-01 7.196311263632401145e-01 6.615017607022273260e-01 6.080677635569216033e-01 5.589262134793855363e-01 5.135753873771254918e-01 4.713509998982503557e-01 4.322446239735784346e-01 3.962150874462049832e-01 3.636384460639241478e-01 3.353565879206416578e-01 3.105128138513931213e-01 2.900495908903779618e-01 2.732809027766845977e-01 2.595738637333195320e-01 2.497919255073069722e-01 2.425659182312049356e-01 2.367455286317642349e-01 2.329178651504884567e-01 2.293559563654567479e-01 2.261193432509354673e-01 2.242872274163068558e-01 2.236091409561376253e-01 2.246065001768090541e-01 2.269587701049229911e-01 2.314843371758405488e-01 2.375358952475838115e-01 2.457272101645961992e-01 2.564994451164085976e-01 2.704582709410049413e-01 2.885110840343163563e-01 3.102118787367975083e-01 3.360360794806865892e-01 3.659543820918057522e-01 3.989362829892293405e-01 4.345646200326241937e-01 4.727118195788983512e-01 5.143551439225781952e-01 5.587603520250605804e-01 6.083286386463261364e-01 6.624917665158686075e-01 7.210462489773000749e-01 7.819469962384809625e-01 8.405000453838656904e-01
8.313369753991702860e-01 9.175251859196013049e-01 9.772120787393124841e-01 1.000000000000000222e+00 9.769808276078184583e-01 9.155475548442590927e-01 8.263326346205691619e-01 7.256896059320836478e-01 6.277186110848489431e-01 5.400234511321260200e-01 4.654579966177710970e-01 4.044218729965148862e-01 3.528234077190497420e-01 3.096735941469667130e-01 2.717157972993334281e-01 2.406720641762699897e-01 2.145849594749874301e-01 1.934616571078354441e-01 1.774965987395829281e-01 1.659292279651264079e-01 1.587749882351612019e-01 1.560536025385439174e-01 1.561606621417798435e-01 1.574143140795000451e-01 1.592316176682431195e-01 1.593448779759891742e-01 1.572734914212065849e-01 1.549600796041666895e-01 1.520085210355664740e-01 1.501156082336039810e-01 1.480537675207090065e-01 1.468382983380591145e-01 1.455951125196885132e-01 1.438186231879890753e-01 1.437159354877699247e-01 1.469751545331389742e-01 1.527380948837800123e-01 1.636294449517807226e-01 1.784061248839395319e-01 1.978198103461857038e-01 2.219350432468007728e-01 2.504951649304945627e-01 2.825019428616942219e-01 3.201601546232116791e-01 3.632681929122077991e-01 4.150070678119694434e-01 4.770622935854976765e-01 5.505483565274775781e-01 6.375204145579338455e-01 7.337186940807080004e-01 8.422057451813114159e-01 8.913283945095435978e-01 9.243194332136779323e-01 9.356069956538263233e-01 9.231102348507098654e-01 8.886610248980398863e-01 8.379831806547229922e-01 7.791920862492839328e-01 7.181792784050169409e-01 6.597362518956239041e-01 6.053774278462538128e-01 5.555848161121814677e-01 5.097910659420961110e-01 4.676516532150873373e-01 4.289495055798581702e-01 3.936051248287674720e-01 3.621787611661304029e-01 3.342627282592900428e-01 3.106086806420043644e-01 2.907592196193307665e-01 2.742673911056789926e-01 2.618222189704735858e-01 2.524081088984940213e-01 2.447353638711663171e-01 2.393549445202301507e-01 2.343970931426648530e-01 2.300311182326293669e-01 2.269695377605041309e-01 2.251438391135869299e-01 2.248891263119795758e-01 2.257843623030974800e-01 2.286722711584078527e-01 2.327637956772748984e-01 2.386067842174436904e-01 2.466550125937685134e-01 2.575616329547326666e-01 2.722239216401080575e-01 2.903693996155470303e-01 3.125666605317838909e-01 3.389548053247478654e-01 3.685953569731430512e-01 4.012676544264464629e-01 4.368165994282777742e-01 4.757247417804740808e-01 5.169464193736057478e-01 5.624686991145267934e-01 6.118055592309957769e-01 6.657363478139716184e-01 7.238519631874884563e-01 7.842344389578612684e-01
7.334552115764846336e-01 8.307694297605291434e-01 9.167266656204784425e-01 9.769808276078184583e-01 1.000000000000000000e+00 9.765664660650575923e-01 9.144019112180592490e-01 8.250653719277444287e-01 7.244472849939015413e-01 6.251511880785469710e-01 5.357550609774823780e-01 4.608592149390995374e-01 3.987585902054539000e-01 3.485196372283919652e-01 3.057123774241198300e-01 2.709060360155772784e-01 2.411073076094641388e-01 2.159844318529084428e-01 1.958405227044431318e-01 1.801450791587312916e-01 1.692573341148467803e-01 1.633871346480956777e-01 1.610317019164351771e-01 1.606317533446575407e-01 1.615735816254887380e-01 1.613072237270399834e-01 1.596054766923445112e-01 1.579263521414613902e-01 1.556565402264538933e-01 1.544940180946827168e-01 1.527003566109433885e-01 1.513925333501983106e-01 1.492924527435530169e-01 1.460954814234658727e-01 1.438721210021417229e-01 1.446990419626561220e-01 1.474440109553975808e-01 1.549023871997432522e-01 1.656471236444361783e-01 1.806371950065031040e-01 1.999759989551502526e-01 2.242002610448602107e-01 2.520973086217098147e-01 2.856018803298941977e-01 3.236204838265682171e-01 3.680845092991071321e-01 4.197701320940014913e-01 4.798783943607031199e-01 5.528094081620018585e-01 6.380713630081592536e-01 7.852229273328216186e-01 8.428760844351478321e-01 8.915757971808788707e-01 9.244416038984534234e-01 9.357124859415841822e-01 9.228801831536452838e-01 8.881209057645188532e-01 8.376085129312764721e-01 7.782718467858515954e-01 7.168814037123867333e-01 6.576304011088178747e-01 6.027344785008966754e-01 5.526689474325157114e-01 5.071574922414855413e-01 4.657711559996407513e-01 4.278743026678659689e-01 3.935659360919043226e-01 3.626603293267309236e-01 3.357380481414511397e-01 3.125264802854680335e-01 2.928967767791770260e-01 2.773509162098670711e-01 2.652630543765563953e-01 2.553296004606667724e-01 2.480315145450101844e-01 2.414540326811711601e-01 2.358410779934795032e-01 2.315729192648831314e-01 2.287427883346965507e-01 2.273970534494346440e-01 2.270982743688582106e-01 2.286186875553880560e-01 2.309560513167456808e-01 2.347682759846685396e-01 2.403705602250559292e-01 2.485086827952776023e-01 2.600217921219279416e-01 2.747623304545492307e-01 2.933363147791360204e-01 3.159173010563930406e-01 3.417089115926302267e-01 3.709085456132522607e-01 4.033897600344982792e-01 4.394920113756330959e-01 4.779266704115692765e-01 5.200989806877974742e-01 5.652951007228302904e-01 6.143541936090977096e-01 6.676443922578070289e-01 7.254136963069331978e-01
6.367754297587647772e-01 7.316054590947340674e-01 8.285401627268546010e-01 9.155475548442590927e-01 9.765664660650575923e-01 1.000000000000000000e+00 9.763244909206447719e-01 9.139843798177742507e-01 8.242777734171742310e-01 7.221102073732809101e-01 6.209213521714732620e-01 5.312299075944807436e-01 4.558688068284755812e-01 3.957134709718528320e-01 3.461280979626910059e-01 3.066280300844025364e-01 2.728970892135543225e-01 2.438648649719976080e-01 2.196468756670978406e-01 1.996889123895872198e-01 1.846167776287193363e-01 1.748377176248295528e-01 1.689779528348470949e-01 1.659227397420273975e-01 1.652407317329607495e-01 1.642025084012674885e-01 1.625305594509173779e-01 1.613904803157963641e-01 1.596974566597923195e-01 1.590652038534896284e-01 1.575268044779710164e-01 1.561110123263431682e-01 1.533210179169709197e-01 1.491072492421097739e-01 1.454424889958551570e-01 1.445430684667107779e-01 1.450033752094062045e-01 1.496238870031945667e-01 1.566756763508615202e-01 1.673452888472609923e-01 1.817211657850209827e-01 2.013000872368513328e-01 2.250446839470754412e-01 2.546572586664680449e-01 2.887392126763395073e-01 3.281426453078953864e-01 3.724063362144401368e-01 4.220190196203160160e-01 4.815973005645640126e-01 5.525069940236194688e-01 7.253328981790649888e-01 7.848077091004097561e-01 8.419231185907902759e-01 8.907511636231448815e-01 9.238952363135172208e-01 9.352326733636672218e-01 9.224499259441166776e-01 8.877522825559822639e-01 8.367433423945247473e-01 7.769269974766011000e-01 7.148374097093327384e-01 6.550469271277701289e-01 6.001129778346632193e-01 5.505233434995414621e-01 5.060421348288141052e-01 4.655145753827811816e-01 4.286019756175279416e-01 3.950331374236386028e-01 3.650552701785831911e-01 3.385083777675166883e-01 3.155627794646765349e-01 2.965658809942749996e-01 2.812834320582677239e-01 2.686202862488261678e-01 2.589762613506796929e-01 2.504881629696683598e-01 2.434566702745728506e-01 2.378408589623093039e-01 2.338927887574703546e-01 2.313700110156095002e-01 2.298572750213952187e-01 2.300491614764551274e-01 2.306983291125069835e-01 2.326359295387007975e-01 2.361061701858217787e-01 2.418811288069405152e-01 2.505959615973146204e-01 2.621488086447955057e-01 2.772086818898912286e-01 2.959122850239837010e-01 3.176192386434393833e-01 3.430551989067666119e-01 3.721679455784714374e-01 4.052903166570986926e-01 4.411538872541052592e-01 4.805144898525600672e-01 5.223857666822004919e-01 5.672269897851358600e-01 6.153897697946799639e-01 6.683516624494010294e-01
5.497326492167746714e-01 6.334739307974799338e-01 7.279264861014481669e-01 8.263326346205691619e-01 9.144019112180592490e-01 9.763244909206447719e-01 1.000000000000000222e+00 9.763031000341366727e-01 9.136744620689949414e-01 8.227266563330506433e-01 7.187742678488364678e-01 6.173067899761350841e-01 5.274364673365096179e-01 4.540794673008641813e-01 3.944691482791804482e-01 3.478488372657271288e-01 3.090658872465867901e-01 2.759562549477736493e-01 2.478600232242169354e-01 2.237720719787320289e-01 2.043740270345324739e-01 1.901451227241635900e-01 1.799109935026823315e-01 1.732666514814320824e-01 1.699558836101346670e-01 1.674509560932432584e-01 1.652477380341114688e-01 1.643574946633049594e-01 1.632422538845791637e-01 1.629603832302520816e-01 1.616670335142413040e-01 1.601237385207416875e-01 1.567640710823837991e-01 1.519091662890335315e-01 1.475048763338410451e-01 1.458292441349311463e-01 1.449854147048258990e-01 1.476600384130974386e-01 1.517183537550532701e-01 1.586119818884921817e-01 1.684732229935861081e-01 1.833257237021311825e-01 2.025534349933109379e-01 2.277447761511268709e-01 2.576857458854896477e-01 2.926121297884533567e-01 3.313081431591878290e-01 3.733475035857182212e-01 4.223324197606522779e-01 4.797207955047115280e-01 6.666464010751000924e-01 7.234388211286441051e-01 7.823714611854497569e-01 8.399525644036551775e-01 8.892898115917365898e-01 9.228393541481375584e-01 9.345443253604953648e-01 9.218265628084085783e-01 8.868148429586806269e-01 8.354467555711505566e-01 7.751282647886863497e-01 7.125241783349199887e-01 6.528412680921141797e-01 5.983523006477199369e-01 5.498430197688791710e-01 5.060488243389875684e-01 4.664191912003955998e-01 4.303004084986181699e-01 3.975228127200298722e-01 3.678431263069836810e-01 3.415668494923000953e-01 3.189127285531608846e-01 3.000176132258197681e-01 2.841811744373549109e-01 2.716598042731799278e-01 2.608993616739995192e-01 2.521422501289733997e-01 2.450414815973307459e-01 2.398754418670331068e-01 2.361373434978442654e-01 2.333454398389157858e-01 2.322258324859863277e-01 2.312405252970287373e-01 2.315249846825163660e-01 2.331904963804086184e-01 2.370396113972001451e-01 2.434542936006734437e-01 2.522946496153036233e-01 2.641685604838297508e-01 2.792497723974336488e-01 2.969064224822696718e-01 3.185073732555109838e-01 3.438410393801010767e-01 3.735060859327937188e-01 4.063853444269192039e-01 4.428085591237239660e-01 4.817037247147517021e-01 5.230156359195154980e-01 5.667202101266202163e-01 6.145562842899789935e-01
4.771084104564595196e-01 5.465952028276552799e-01 6.297523780615633671e-01 7.256896059320836478e-01 8.250653719277444287e-01 9.139843798177742507e-01 9.763031000341366727e-01 9.999999999999998890e-01 9.761163795062952619e-01 9.125885011622736354e-01 8.200956431776306177e-01 7.158413153352534142e-01 6.144444612759594193e-01 5.265625723515852119e-01 4.538375614552492832e-01 3.969479158257690488e-01 3.510461342078925462e-01 3.128067041290334971e-01 2.806519732145190127e-01 2.525234197584960150e-01 2.289059616900262772e-01 2.101927821858062262e-01 1.953497998755925058e-01 1.847098849104756302e-01 1.783389377379426266e-01 1.738616901293136563e-01 1.706598079633129816e-01 1.696607976843560739e-01 1.689366483031467525e-01 1.686812704182029943e-01 1.674924089143358108e-01 1.654953070344937771e-01 1.614366663750352870e-01 1.558702508011018117e-01 1.508377660575449530e-01 1.485222608161596569e-01 1.466551666841708901e-01 1.478059003723778408e-01 1.495636594993111357e-01 1.534231519142845168e-01 1.594375014594774098e-01 1.699342937997356806e-01 1.846681758314469290e-01 2.050202688683537278e-01 2.305058588432765954e-01 2.610701907128566424e-01 2.952298772795798332e-01 3.319680178476500099e-01 3.734497312726973717e-01 4.203416746858012476e-01 6.122607084346716189e-01 6.642359666811553653e-01 7.204202379064910122e-01 7.800048331031701476e-01 8.380500906885730572e-01 8.879359466754467300e-01 9.218869259501240032e-01 9.335664745851877111e-01 9.206527706520267751e-01 8.854511272339186112e-01 8.337606373620830569e-01 7.729757392460350207e-01 7.106531089932125456e-01 6.514419049636539505e-01 5.981375155452665071e-01 5.502512173910968363e-01 5.074715542806395030e-01 4.686809090385447574e-01 4.332947556842845493e-01 4.007612455437287724e-01 3.713927098671880311e-01 3.452007786983106175e-01 3.227331799464825401e-01 3.035916737185394010e-01 2.879977938216229383e-01 2.747716702098569330e-01 2.640777322349387446e-01 2.553171380815281721e-01 2.487403967760415946e-01 2.436884757038681737e-01 2.394880557785260267e-01 2.368999012188930109e-01 2.342469352835810648e-01 2.327545271863552534e-01 2.326450777759571653e-01 2.345692288016738014e-01 2.387708730242802113e-01 2.450906068828881679e-01 2.540344588100938994e-01 2.657544038735204506e-01 2.796738508928105493e-01 2.975154506632226581e-01 3.189039098618991486e-01 3.447215997171033108e-01 3.741716445221077714e-01 4.073601723758502602e-01 4.433318404842172544e-01 4.816217023088562588e-01 5.217707231203653206e-01 5.652479909940723024e-01
4.179968215044871371e-01 4.743263747353316795e-01 5.431456711637583368e-01 6.277186110848489431e-01 7.244472849939015413e-01 8.242777734171742310e-01 9.136744620689949414e-01 9.761163795062952619e-01 9.999999999999998890e-01 9.757204715024787589e-01 9.110297824340627404e-01 8.181362265137213097e-01 7.138273326346227243e-01 6.140500939075396181e-01 5.264840548055608194e-01 4.558362569459945557e-01 3.994739149179506454e-01 3.539457114187113396e-01 3.169742256320033924e-01 2.850252087552200275e-01 2.577307620543631828e-01 2.349328284009702950e-01 2.155233983762692429e-01 2.005212829102143157e-01 1.903496603712732105e-01 1.831330212634560972e-01 1.780444288603421354e-01 1.760584463899094454e-01 1.750524018633830836e-01 1.742109048161277207e-01 1.728452662136725493e-01 1.702847507246097181e-01 1.657029457603529099e-01 1.596142953568968070e-01 1.541332514148541222e-01 1.513273045413033868e-01 1.485932274455936675e-01 1.484358568341936357e-01 1.482355495742117002e-01 1.495084629426758627e-01 1.524393119634881721e-01 1.591535945372759553e-01 1.697189048658158950e-01 1.854706889736222886e-01 2.064228869477686135e-01 2.325540243304302923e-01 2.626756251342465820e-01 2.953967920397496116e-01 3.317997059069245358e-01 3.713982963837550999e-01 5.627542929962473517e-01 6.097941759437940368e-01 6.612171564271077662e-01 7.182365744107616079e-01 7.781965740908431961e-01 8.368828609767391402e-01 8.871623269490094277e-01 9.211367120444708956e-01 9.328359132614195692e-01 9.199481158297833083e-01 8.845237016088984827e-01 8.323706037952970371e-01 7.718202985986155618e-01 7.097466850059621635e-01 6.515826536881390574e-01 5.986856684101956594e-01 5.518016763534240310e-01 5.097760630029249951e-01 4.717807032217661289e-01 4.367316350911705225e-01 4.046869149232222851e-01 3.753102412929740783e-01 3.493172005559898041e-01 3.267488757384301445e-01 3.077584483659709380e-01 2.916515254425142700e-01 2.785267326626494899e-01 2.676959682903768400e-01 2.592632982868802172e-01 2.525781776804418288e-01 2.467604253312707663e-01 2.425495618905846029e-01 2.382129332449881287e-01 2.349827121180926570e-01 2.331049138784539732e-01 2.332114309342903924e-01 2.352873617196333533e-01 2.392770614720588773e-01 2.454682223133686780e-01 2.541306460504991760e-01 2.646847417118974866e-01 2.790717584396064099e-01 2.966806404517711715e-01 3.185927331684106356e-01 3.444393048781679845e-01 3.741688859446228865e-01 4.070911705203821840e-01 4.425520371940732667e-01 4.798735251807069169e-01 5.199452398179927881e-01
3.692214183182522813e-01 4.150479131216981976e-01 4.701989352976554404e-01 5.400234511321260200e-01 6.251511880785469710e-01 7.221102073732809101e-01 8.227266563330506433e-01 9.125885011622736354e-01 9.757204715024787589e-01 1.000000000000000000e+00 9.752759384103405482e-01 9.102763072595577709e-01 8.173110633812878945e-01 7.142565664588222951e-01 6.146050408361088957e-01 5.286209980252095653e-01 4.583830242944962330e-01 4.021003258616175358e-01 3.578979623602051019e-01 3.210744810248435388e-01 2.899903569800182379e-01 2.637468667187604643e-01 2.404755397106523307e-01 2.215053666334720339e-01 2.073747979825982524e-01 1.968301110927670183e-01 1.891379083910809111e-01 1.852025876035035823e-01 1.831032598896712715e-01 1.808466431092068394e-01 1.786003529311406546e-01 1.749551739597215716e-01 1.696871354560353096e-01 1.631079053833477399e-01 1.573715978783354896e-01 1.542061176318667570e-01 1.509223358439522877e-01 1.497246520349105325e-01 1.483065214413499255e-01 1.478431409126019225e-01 1.486801802767800107e-01 1.525471352715941087e-01 1.594267088555405276e-01 1.707269448338061268e-01 1.869692759542018190e-01 2.082828545951211363e-01 2.341645373455035484e-01 2.631840578151817822e-01 2.955641811607070957e-01 3.300070611672102361e-01 5.168556270682300724e-01 5.595442045393729247e-01 6.059179602476951754e-01 6.581426306757929279e-01 7.153802963084513467e-01 7.761130867940665423e-01 8.352585635163638500e-01 8.858006224907489790e-01 9.201104825324316616e-01 9.321446687271094378e-01 9.193037770759525662e-01 8.836007086247982256e-01 8.317483737455999560e-01 7.713610044279766154e-01 7.102639552114579091e-01 6.523783185921914196e-01 6.004985991701391468e-01 5.542440949982232468e-01 5.129706505015283469e-01 4.753056550483288345e-01 4.408668612344652238e-01 4.087584434359240460e-01 3.797607639626567333e-01 3.540350573171571757e-01 3.317103526185359308e-01 3.125188805614824705e-01 2.965439833032921801e-01 2.831732779935004496e-01 2.724148698147528247e-01 2.636351512734665392e-01 2.558082148752938156e-01 2.496149643412609587e-01 2.435006429396921468e-01 2.384791003246614916e-01 2.349095291344210357e-01 2.332541517217722737e-01 2.333675990890045904e-01 2.352782525307285655e-01 2.390218607970599762e-01 2.450568030671512187e-01 2.528484212315780799e-01 2.640715664775788452e-01 2.780972034577584018e-01 2.960068078070952624e-01 3.179159457957687618e-01 3.437532393284656873e-01 3.733062954814078682e-01 4.057251852310005402e-01 4.403663030880751728e-01 4.775184673114681311e-01
3.271078148176809197e-01 3.652282159951921736e-01 4.095747708246742502e-01 4.654579966177710970e-01 5.357550609774823780e-01 6.209213521714732620e-01 7.187742678488364678e-01 8.200956431776306177e-01 9.110297824340627404e-01 9.752759384103405482e-01 9.999999999999998890e-01 9.752198284525475103e-01 9.102595069708927511e-01 8.181674460661401138e-01 7.150632340998496206e-01 6.163888380267251721e-01 5.305891779754045023e-01 4.601260032893856877e-01 4.053049932312854375e-01 3.616295125916015318e-01 3.259615588800814923e-01 2.963105688592465592e-01 2.696632123582362595e-01 2.470201593043411248e-01 2.287895596580001578e-01 2.144295328953901014e-01 2.034511762391008061e-01 1.966039631170726498e-01 1.926034356732653496e-01 1.885384915274323503e-01 1.851239464943579272e-01 1.803366982104768201e-01 1.744786219111445214e-01 1.674115697986491291e-01 1.612371718450045233e-01 1.574718017817206273e-01 1.535117140709681138e-01 1.514493631126184736e-01 1.493058004357558088e-01 1.478169654494210505e-01 1.475450907259223954e-01 1.494900634392392902e-01 1.534497923088835036e-01 1.608046779293848538e-01 1.724786521955217478e-01 1.886900311004786890e-01 2.099522474898390667e-01 2.347410238985720154e-01 2.631190645090724645e-01 2.932994851190945385e-01 4.735090706207160660e-01 5.125973536769343752e-01 5.546147649105618305e-01 6.017148955205234850e-01 6.540641319436174550e-01 7.121663525195842670e-01 7.733158259819938873e-01 8.329908063530686579e-01 8.841185350046515401e-01 9.190828531782450073e-01 9.314720283751702912e-01 9.185715983991011857e-01 8.832003896844240476e-01 8.314058960625402284e-01 7.718560224508840273e-01 7.108523912362921804e-01 6.539045385979841418e-01 6.024931997882837509e-01 5.570125023273805320e-01 5.162104706177996771e-01 4.793276584735091661e-01 4.447755732204768386e-01 4.131998015302041916e-01 3.845373059878700039e-01 3.590108421969040453e-01 3.365930238855380230e-01 3.174302420199683894e-01 3.011448460447298525e-01 2.877488287783271370e-01 2.766070555114024665e-01 2.666147114077511704e-01 2.583751534089149260e-01 2.504674937421255132e-01 2.436094339678376852e-01 2.382315565734483831e-01 2.347513727652665028e-01 2.328942676340133577e-01 2.328151351135924474e-01 2.344088941677028026e-01 2.382123435515554055e-01 2.437385866880684426e-01 2.522180098009583205e-01 2.630153161723018385e-01 2.771419250758191399e-01 2.950490378994675700e-01 3.167419967451187146e-01 3.424370249890857920e-01 3.713479196290288553e-01 4.029764236078440254e-01 4.372171552317272170e-01
2.902384227905453473e-01 3.228797938793596112e-01 3.595139698624780777e-01 4.044218729965148862e-01 4.608592149390995374e-01 5.312299075944807436e-01 6.173067899761350841e-01 7.158413153352534142e-01 8.181362265137213097e-01 9.102763072595577709e-01 9.752198284525475103e-01 1.000000000000000000e+00 9.753009574336899412e-01 9.110202855281320788e-01 8.190862521197971313e-01 7.168823485144780738e-01 6.185783982445002271e-01 5.326989364249515857e-01 4.638311933429663525e-01 4.099368251182434753e-01 3.673219216955496136e-01 3.331402777619402733e-01 3.030809899225989090e-01 2.770788888925358462e-01 2.550864507396334302e-01 2.368530959161349314e-01 2.223053094118619677e-01 2.118942798355549495e-01 2.051787721026323841e-01 1.986447918226819376e-01 1.935158696855716065e-01 1.872623817964639281e-01 1.806135061213903492e-01 1.728363130412017279e-01 1.661207043710639653e-01 1.616817078950723019e-01 1.570348459707240352e-01 1.541986872028066058e-01 1.515368095830062489e-01 1.493366017526604195e-01 1.482965036566425976e-01 1.487093129323920904e-01 1.500403652050916470e-01 1.538597050458717086e-01 1.612199571332142700e-01 1.725387657202708813e-01 1.892334602888332828e-01 2.097836482812874548e-01 2.341833292718183412e-01 2.606655246032237860e-01 4.329690757049721728e-01 4.690340244154197480e-01 5.075662254619502933e-01 5.502721083097502630e-01 5.975438358424720597e-01 6.509159580374080933e-01 7.094150056839998442e-01 7.712981998327728128e-01 8.315641973856234825e-01 8.833676093624475145e-01 9.187697706921316154e-01 9.311829747765211218e-01 9.186977910711843220e-01 8.834533479150649127e-01 8.324996215694773216e-01 7.731229322172007423e-01 7.131539351426073869e-01 6.567257269288510058e-01 6.062000011374785169e-01 5.613669382731207858e-01 5.214466864682387737e-01 4.843181442385120494e-01 4.504379534069187230e-01 4.192484737050558574e-01 3.908685003518907464e-01 3.652839151251955907e-01 3.428014220704317938e-01 3.232972161627020724e-01 3.069061001011259560e-01 2.929833779784403736e-01 2.804965146678624621e-01 2.699449435217392002e-01 2.600284586206653703e-01 2.512450751467252275e-01 2.439833024864034583e-01 2.385830257137375732e-01 2.348224006897756400e-01 2.328205272216371247e-01 2.324252897284286579e-01 2.341575441161635462e-01 2.375928737503670007e-01 2.434063515359694563e-01 2.511103503664899872e-01 2.615815716525273227e-01 2.755092698553702757e-01 2.930546439518816326e-01 3.147969053265072814e-01 3.399759437064348577e-01 3.683733093143262693e-01 3.995754967657719758e-01
2.563141350381933914e-01 2.843873441131001822e-01 3.156011293700974885e-01 3.528234077190497420e-01 3.987585902054539000e-01 4.558688068284755812e-01 5.274364673365096179e-01 6.144444612759594193e-01 7.138273326346227243e-01 8.173110633812878945e-01 9.102595069708927511e-01 9.753009574336899412e-01 1.000000000000000000e+00 9.755779457736143412e-01 9.114094388084758025e-01 8.200579786255306480e-01 7.180790780208262669e-01 6.197031259284371263e-01 5.352381848327546487e-01 4.677283175348730948e-01 4.149435472088037757e-01 3.740894514041217533e-01 3.398193302618370826e-01 3.105439859371643130e-01 2.852022762317295568e-01 2.631833878321456210e-01 2.448777417721231531e-01 2.303246566732981282e-01 2.200830018240598762e-01 2.106075261926622644e-01 2.032153085655594993e-01 1.953485482454337396e-01 1.878234964630270398e-01 1.794251544722497982e-01 1.723405094660412640e-01 1.673333205589784822e-01 1.622630716447281130e-01 1.587451228144754756e-01 1.557364886207725230e-01 1.529938431579544733e-01 1.513460684540642587e-01 1.506453551336971730e-01 1.500708935525235099e-01 1.512348309907136923e-01 1.548542091593350378e-01 1.616798318992156425e-01 1.736354098418763370e-01 1.892947565463391213e-01 2.089094848044067698e-01 2.310088170858456691e-01 3.945935167729926474e-01 4.276792058528393059e-01 4.632570422148885592e-01 5.024884237293685274e-01 5.455475828672192717e-01 5.940973874968484836e-01 6.479823355612026603e-01 7.074226263777808610e-01 7.698880322933283615e-01 8.308066895153638498e-01 8.830748558656573710e-01 9.184686999025183374e-01 9.312103909256983503e-01 9.186973549299075614e-01 8.840457595911427324e-01 8.332065280599192381e-01 7.747565528652909927e-01 7.153012454639571249e-01 6.597769016531335184e-01 6.100560178066872785e-01 5.661930456560833047e-01 5.260403758969793842e-01 4.899189766467237361e-01 4.564836720898773348e-01 4.256616788016694963e-01 3.971568955513897214e-01 3.714152994757594084e-01 3.485377314634131585e-01 3.289592456163926149e-01 3.120143318404536292e-01 2.967998160063133328e-01 2.838102276345546016e-01 2.717897388226320210e-01 2.611433502378145421e-01 2.520219075689824062e-01 2.448303213935124345e-01 2.393225198340310222e-01 2.355124865888419405e-01 2.333142411319472087e-01 2.331169351541110824e-01 2.345835599227822643e-01 2.379067871296165204e-01 2.428373239209407897e-01 2.500853677958498889e-01 2.602953834642275366e-01 2.737907431195460983e-01 2.913652193778334398e-01 3.123986775136014526e-01 3.368978571081785445e-01 3.644913874526436448e-01
2.265296675168258500e-01 2.505115908532721813e-01 2.776583277836643382e-01 3.096735941469667130e-01 3.485196372283919652e-01 3.957134709718528320e-01 4.540794673008641813e-01 5.265625723515852119e-01 6.140500939075396181e-01 7.142565664588222951e-01 8.181674460661401138e-01 9.110202855281320788e-01 9.755779457736143412e-01 1.000000000000000000e+00 9.755836429267309429e-01 9.118112157072268964e-01 8.208100494301696637e-01 7.190418315852228348e-01 6.219389057142984401e-01 5.391447062153175152e-01 4.724427769991192405e-01 4.210651080149337977e-01 3.800871011454358128e-01 3.463132294806307021e-01 3.174523567972562521e-01 2.918073308153994461e-01 2.697764564169657375e-01 2.510967088069882558e-01 2.370628841671013065e-01 2.244170987701838427e-01 2.145442350501596263e-01 2.049643443158733480e-01 1.963680501413666013e-01 1.871579325705235164e-01 1.795088654346662926e-01 1.738115988512031473e-01 1.681254292682456963e-01 1.638785578211875982e-01 1.604378410279116429e-01 1.571848802091331543e-01 1.550770250179492882e-01 1.535239664621478317e-01 1.516842958196984448e-01 1.508307292973194713e-01 1.514585472358820628e-01 1.544516265550383294e-01 1.620750020649402434e-01 1.730781344525219034e-01 1.879177340841720889e-01 2.055018988018118831e-01 3.595774679358991754e-01 3.896329422964884270e-01 4.224541878732153699e-01 4.589194347624738768e-01 4.987298960153746519e-01 5.433319690567873783e-01 5.924684045501493745e-01 6.473293736525940201e-01 7.073102778031835625e-01 7.702846519497649203e-01 8.314409617094984384e-01 8.835171045855108041e-01 9.189733424773303128e-01 9.314196442580260360e-01 9.191985833619963353e-01 8.846186448155975990e-01 8.345355357595665158e-01 7.766595407215706182e-01 7.180438534905952963e-01 6.633828860305852615e-01 6.144726973403674686e-01 5.701762588808729770e-01 5.311104236563318759e-01 4.952361642414685461e-01 4.621042452401209477e-01 4.309120335146525704e-01 4.021128159010490255e-01 3.759440874914860564e-01 3.531188341331347180e-01 3.330812228799869268e-01 3.150858138370417616e-01 2.996152238690359959e-01 2.853730057861800784e-01 2.727803116183474264e-01 2.617124064863263211e-01 2.526237725616052310e-01 2.453444633578629464e-01 2.396998648332780146e-01 2.357530360000423819e-01 2.337407766564443545e-01 2.332680622260681069e-01 2.343644454781348696e-01 2.368540503004729902e-01 2.413186180456797503e-01 2.481726934143422270e-01 2.580261072079889639e-01 2.716124335883289276e-01 2.885912569187328858e-01 3.090604321259228238e-01 3.328960542099377862e-01
2.008050457372570485e-01 2.205646151517787756e-01 2.438253923371699328e-01 2.717157972993334281e-01 3.057123774241198300e-01 3.461280979626910059e-01 3.944691482791804482e-01 4.538375614552492832e-01 5.264840548055608194e-01 6.146050408361088957e-01 7.150632340998496206e-01 8.190862521197971313e-01 9.114094388084758025e-01 9.755836429267309429e-01 9.999999999999998890e-01 9.756937477935432312e-01 9.121218559755875921e-01 8.213708574351651359e-01 7.207316306894552271e-01 6.255837225250684419e-01 5.435657066267061133e-01 4.781148406754909819e-01 4.267958595654229859e-01 3.860477935860008869e-01 3.525074331338116096e-01 3.229570792961987680e-01 2.973653284223996551e-01 2.748095073356654483e-01 2.568100807774477690e-01 2.406048090808116380e-01 2.276668541009616020e-01 2.157455079797288011e-01 2.054523833979601810e-01 1.951499072731046336e-01 1.867415312059063082e-01 1.803673844584862684e-01 1.740630077623867289e-01 1.690385713148999380e-01 1.650361526517021282e-01 1.611829084747894436e-01 1.584841157707721770e-01 1.561177490864001094e-01 1.533766259864834391e-01 1.512346756040079676e-01 1.496725368872650619e-01 1.497855220112359331e-01 1.538677327060459787e-01 1.608725889934266573e-01 1.712264967266025895e-01 1.842690312973899736e-01 3.274146535002574465e-01 3.540950198018177342e-01 3.839136259937004914e-01 4.177474432348713962e-01 4.549017698675829058e-01 4.964204430497635712e-01 5.416893942450661248e-01 5.918292600508813228e-01 6.472771222045897721e-01 7.076959923965432386e-01 7.708120509319237312e-01 8.318326444232012618e-01 8.838713914341719269e-01 9.190000392140694752e-01 9.315435112116049465e-01 9.193213884121566037e-01 8.852513231588889919e-01 8.358018659127993688e-01 7.786790786267385744e-01 7.210272262917676311e-01 6.670853723752995235e-01 6.177647842015671076e-01 5.746240053339692899e-01 5.355887473868864435e-01 4.999148128530966351e-01 4.661940603388182724e-01 4.346612629409307149e-01 4.054274086197156013e-01 3.793948078240194643e-01 3.561563313884550386e-01 3.351225213224046096e-01 3.168272657588296348e-01 3.000684381073079887e-01 2.853142200824863584e-01 2.722023144672752748e-01 2.611897784423087843e-01 2.521161483855349772e-01 2.446189345369772228e-01 2.389106119490890245e-01 2.350154544213721997e-01 2.326045519094356862e-01 2.315737554216356076e-01 2.319410020113844839e-01 2.340904694083940085e-01 2.381180045922057231e-01 2.448621154575250924e-01 2.548613302624133103e-01 2.680243114159905349e-01 2.845204713579790878e-01 3.044409615011809955e-01
1.810411817720649630e-01 1.967663720559116869e-01 2.163249740577928570e-01 2.406720641762699897e-01 2.709060360155772784e-01 3.066280300844025364e-01 3.478488372657271288e-01 3.969479158257690488e-01 4.558362569459945557e-01 5.286209980252095653e-01 6.163888380267251721e-01 7.168823485144780738e-01 8.200579786255306480e-01 9.118112157072268964e-01 9.756937477935432312e-01 1.000000000000000222e+00 9.757683465681102897e-01 9.124632831334140715e-01 8.226363077292933035e-01 7.235953124483306409e-01 6.288455469214033755e-01 5.475233603869351651e-01 4.821428488515552280e-01 4.309984916842004576e-01 3.905979339263043193e-01 3.564189898432449377e-01 3.272618177371222625e-01 3.014084859676089412e-01 2.799008644122868983e-01 2.604240500113120804e-01 2.444749865763071461e-01 2.301562366783029279e-01 2.178925195539229698e-01 2.062773467480796818e-01 1.966725461650853657e-01 1.892748830122623627e-01 1.817864988253013458e-01 1.757554066302600693e-01 1.708964893599633772e-01 1.664383247896899787e-01 1.632515449307922473e-01 1.603713389354878838e-01 1.571884312435262721e-01 1.543340661457625884e-01 1.512062878697684187e-01 1.490221087265928834e-01 1.500535017552445671e-01 1.534850997344932855e-01 1.598360064504746048e-01 1.687174160197921768e-01 3.007269727152132588e-01 3.239093192421092504e-01 3.505052150809486733e-01 3.815733271878647970e-01 4.161907484030046844e-01 4.550818379660964141e-01 4.972724533477378417e-01 5.432360451439894877e-01 5.937912177498066990e-01 6.493745273431335008e-01 7.095987646828854079e-01 7.723826260956936363e-01 8.330642974953090807e-01 8.845549475631635516e-01 9.194467830401520381e-01 9.318698664407036869e-01 9.198574516783268873e-01 8.863521981295781060e-01 8.374182339961639965e-01 7.811730704900531341e-01 7.239321291699742922e-01 6.695211102507818701e-01 6.212974298851161592e-01 5.782047576137725464e-01 5.394332098698527700e-01 5.032663673075934430e-01 4.693815051785532044e-01 4.376092181168861339e-01 4.087553568367904844e-01 3.826194570902282655e-01 3.587510509444448159e-01 3.377021776248131935e-01 3.183955971951283881e-01 3.013923648327137550e-01 2.861332143363768954e-01 2.730187843065148834e-01 2.619177761028071427e-01 2.524533252527978999e-01 2.449357644197678874e-01 2.391792185443887275e-01 2.349137319413178715e-01 2.320423797230131424e-01 2.305824893472055159e-01 2.308167651637469397e-01 2.323747621790274165e-01 2.363855594370304347e-01 2.430689451651041055e-01 2.526399369677163609e-01 2.653391887740859101e-01 2.814360078749275629e-01
