1.000000000000000000e+00 9.813944523527329267e-01 9.319659562393987073e-01 8.602473720733804230e-01 7.783575916432968755e-01 6.982005594411604399e-01 6.256361852721858963e-01 5.639189526545488329e-01 5.117535656165109748e-01 4.668611836257378078e-01 4.272861075411857334e-01 3.925934028473933024e-01 3.617596090916925244e-01 3.338679905764993516e-01 3.081852596661421861e-01 2.857874003270646779e-01 2.644293842396327476e-01 2.455199553832367876e-01 2.304689679591392648e-01 2.179458967944973291e-01 2.085454694447741453e-01 2.019028943237642093e-01 1.981313104655564039e-01 1.949908937787223351e-01 1.924778786903511008e-01 1.903055473366585815e-01 1.898369413143123074e-01 1.909504854335677682e-01 1.936218066915635361e-01 2.000302131469932354e-01 2.091016710909394671e-01 2.211870936001085197e-01 2.345747272133043571e-01 2.494465816820289616e-01 2.666846874878553431e-01 2.849990883126664598e-01 3.070778792409350477e-01 3.330189761435321527e-01 3.618540991798928630e-01 3.944217637331636217e-01 4.307430797213941953e-01 4.696069989556220792e-01 5.150107612019507730e-01 5.675537095168801116e-01 6.297361869247658506e-01 7.022510217895679974e-01 7.818419979160559086e-01 8.620768938993969011e-01 9.327000334491285516e-01 9.814893689801819088e-01 9.416933499168410604e-01 9.321041065717032836e-01 9.050640124451690971e-01 8.651636015704285976e-01 8.177967364718469190e-01 7.684495772898809474e-01 7.201742469659720980e-01 6.749160608645023984e-01 6.328426300009356575e-01 5.931111349177543568e-01 5.556973312807468313e-01 5.205056419989237959e-01 4.874438312680271501e-01 4.567489948967495828e-01 4.280284835128638776e-01 4.012722408981260203e-01 3.772748396962160577e-01 3.553108280771947181e-01 3.365849432577390776e-01 3.206452033730076145e-01 3.081216780656115262e-01 2.977911693475276400e-01 2.905171700233866172e-01 2.848743578472747173e-01 2.815773644933088904e-01 2.800813738444088985e-01 2.801850595664388544e-01 2.829570158161740512e-01 2.886186272575200218e-01 2.966192166825639132e-01 3.080654606290184616e-01 3.218622753252570745e-01 3.382461717593898687e-01 3.567902799596048280e-01 3.776814536414086487e-01 4.014512872129497589e-01 4.275477417549298220e-01 4.566739724215598262e-01 4.884860706339553271e-01 5.226350379502026078e-01 5.586405574186364964e-01 5.966580085021224722e-01 6.368058405069179084e-01 6.793245472440996302e-01 7.244375534534013283e-01 7.724115600358988365e-01 8.209196447336312152e-01 8.674449947376000614e-01 9.063218063644961076e-01 9.326229498644215132e-01
9.813944523527329267e-01 1.000000000000000000e+00 9.813257672606947590e-01 9.317405827854468026e-01 8.600158547719559676e-01 7.790612750674180687e-01 6.990001072273238636e-01 6.270065080784481548e-01 5.650505970135747402e-01 5.124079040042686106e-01 4.671706086111057643e-01 4.284949676121673767e-01 3.944057317676623597e-01 3.634833232818815985e-01 3.346842777400330649e-01 3.091935022459207927e-01 2.846966495546799369e-01 2.627600540368761339e-01 2.448247574846505459e-01 2.297077578379263241e-01 2.178606814245069301e-01 2.089335411628526207e-01 2.029967754535065838e-01 1.980489173492187560e-01 1.939744909877500201e-01 1.904984622139193062e-01 1.888466643113453913e-01 1.888987184391774932e-01 1.901883648993943909e-01 1.951539464180129801e-01 2.024952093061942737e-01 2.126743167684845837e-01 2.237598294186018133e-01 2.360939212972861245e-01 2.504097156812929992e-01 2.655327499986311901e-01 2.842661256788410196e-01 3.070071219110277472e-01 3.328558996450126650e-01 3.625677546422662600e-01 3.960768077666161902e-01 4.311720341426925618e-01 4.713503971511451285e-01 5.164060861246797529e-01 5.687862762248350190e-01 6.308538111754188327e-01 7.024887210694078510e-01 7.815553291801495828e-01 8.618239567312332428e-01 9.323667116815133049e-01 9.325801037209078270e-01 9.418677368104907410e-01 9.321224626907220756e-01 9.051846060810802008e-01 8.652380794850731416e-01 8.182355998137632591e-01 7.688817123532780684e-01 7.208764052162683900e-01 6.756606177998444318e-01 6.331781609077913320e-01 5.935355951447337519e-01 5.564275124251901739e-01 5.213694206911222429e-01 4.885607529382136049e-01 4.575164158890346888e-01 4.281550565865321345e-01 4.013782055929995263e-01 3.766525012257937455e-01 3.551579583239983240e-01 3.364175624743235282e-01 3.212369509166151937e-01 3.083243591451321208e-01 2.984818349627788026e-01 2.904119608172505140e-01 2.848725896996577855e-01 2.812185632406208891e-01 2.792682478597355300e-01 2.799333689562975014e-01 2.833087714030396720e-01 2.889643617654957808e-01 2.980284823632166069e-01 3.093132017789548827e-01 3.231537271255058852e-01 3.391214505540769419e-01 3.572440362368981548e-01 3.782853724879526314e-01 4.016626734863372739e-01 4.281312723784176377e-01 4.576282010534297173e-01 4.897144295629986543e-01 5.239362516134501435e-01 5.600862765002012633e-01 5.981373845949372603e-01 6.380087592970203891e-01 6.800422479080655558e-01 7.252223228966514501e-01 7.725086146458404190e-01 8.212363990389807133e-01 8.673087689316203441e-01 9.063750512717668739e-01
9.319659562393987073e-01 9.813257672606947590e-01 9.999999999999997780e-01 9.813131206282191821e-01 9.318197345572699630e-01 8.607333138341225487e-01 7.800140915760868099e-01 7.004077037239753167e-01 6.281746046880334333e-01 5.658340358034329443e-01 5.128960519276279939e-01 4.688207207634288998e-01 4.309190621764399376e-01 3.970093027383330697e-01 3.654558773828984752e-01 3.370639743282735634e-01 3.094528644181812616e-01 2.843257511561428919e-01 2.630121330249924338e-01 2.448000905542902506e-01 2.299689530588630293e-01 2.182722408054377228e-01 2.098439520061209373e-01 2.028995732459699941e-01 1.971495624858349283e-01 1.922761493569715152e-01 1.893729137380057992e-01 1.884082401913311222e-01 1.883845920205335367e-01 1.920702379082639411e-01 1.978787899882774037e-01 2.063070703921896509e-01 2.153486214263813092e-01 2.254883116249026265e-01 2.372343492277463883e-01 2.495331394698949989e-01 2.650825022088907912e-01 2.846346956941432915e-01 3.072579223237302815e-01 3.337748839801435441e-01 3.643356453352639135e-01 3.961526270655427173e-01 4.324194662674014089e-01 4.720545862603749421e-01 5.166641630429112952e-01 5.689886738847886871e-01 6.302804979213524339e-01 7.014459997126816226e-01 7.807693636555256278e-01 8.611037926313335200e-01 9.062516966328020285e-01 9.328104586399064146e-01 9.420620607373277888e-01 9.324466612344977090e-01 9.054612508849605446e-01 8.658559462742468904e-01 8.189395689721431504e-01 7.698978370055056253e-01 7.219392146304824953e-01 6.764520189950828932e-01 6.342183680992349304e-01 5.950499595650620144e-01 5.581363226103422948e-01 5.235472181523319612e-01 4.905255688032160721e-01 4.588999685480955049e-01 4.295088121682623106e-01 4.020527329140443640e-01 3.776495910556537106e-01 3.558876861908238376e-01 3.378189848479345447e-01 3.220654516362504993e-01 3.095180394274282820e-01 2.989094172201802180e-01 2.910072797494826502e-01 2.850948376003874518e-01 2.810267836988616375e-01 2.795142890020438919e-01 2.806250914396140606e-01 2.839669902166011561e-01 2.907027931150581446e-01 2.995684491866035803e-01 3.109286905388579103e-01 3.243909515527025889e-01 3.398176772816452473e-01 3.581352381070884716e-01 3.787226860831531261e-01 4.023461970957808442e-01 4.292154341272634843e-01 4.588306098164059432e-01 4.909054338133954642e-01 5.250082998471268247e-01 5.610910528927615104e-01 5.987507505142092290e-01 6.380883555945203733e-01 6.802241243343948307e-01 7.248040254014319617e-01 7.723207514638356086e-01 8.207259745156868513e-01 8.671327107513095989e-01
8.602473720733804230e-01 9.317405827854468026e-01 9.813131206282191821e-01 1.000000000000000000e+00 9.813582483799641043e-01 9.322226537579075822e-01 8.614287715162015635e-01 7.810652799994342033e-01 7.011449870379520277e-01 6.284726325290219684e-01 5.657366881000432945e-01 5.139814459039508954e-01 4.707003615437055366e-01 4.331400357761603370e-01 3.987730458680575074e-01 3.676763481640270004e-01 3.371195029501608542e-01 3.088092928634556533e-01 2.838981884973537095e-01 2.622484523703725312e-01 2.441311243766394190e-01 2.295036967412869278e-01 2.185012934472318480e-01 2.096499316203822016e-01 2.023871075235011419e-01 1.962604136435602276e-01 1.920990555313257520e-01 1.899641109824678764e-01 1.886230276766776570e-01 1.909235343342286784e-01 1.952624213669356401e-01 2.019904182522620217e-01 2.092025108883689699e-01 2.173911296347411926e-01 2.268756722978637619e-01 2.365889008203403976e-01 2.492291237279054827e-01 2.656013225268590849e-01 2.848361029896657737e-01 3.078725172256437936e-01 3.351761333326904180e-01 3.636550101499826382e-01 3.965124703667816108e-01 4.321127585661001524e-01 4.710519842556892267e-01 5.156992599436203140e-01 5.673165522123952975e-01 6.281825595181655952e-01 6.998240661340902058e-01 7.794672414695429374e-01 8.666115315891067539e-01 9.061184196304007399e-01 9.327423506435318368e-01 9.420710171670061417e-01 9.324009622035064337e-01 9.056736737665539438e-01 8.662206073764879832e-01 8.195939858378050724e-01 7.705508813503769705e-01 7.223512152532106656e-01 6.771045691587944670e-01 6.353247784086961669e-01 5.962762935949901255e-01 5.599425585889598045e-01 5.252171949038706433e-01 4.916858386277387916e-01 4.600092408164613844e-01 4.300041006051865122e-01 4.027310151628996082e-01 3.778954947483397220e-01 3.568124177892345594e-01 3.381973843712802186e-01 3.229381304940934783e-01 3.098480799269572872e-01 2.996885692526544132e-01 2.915881394972315577e-01 2.854356858787825413e-01 2.817263023882310979e-01 2.805444495561795204e-01 2.815396699489104981e-01 2.859281862851887901e-01 2.924298610234791207e-01 3.013737408997932410e-01 3.124089063334359317e-01 3.252126257006926480e-01 3.408517503953030769e-01 3.586254335700931883e-01 3.792989286196693510e-01 4.032795812716258865e-01 4.300823858276455747e-01 4.595501135808045534e-01 4.912539740657148046e-01 5.252277667946816386e-01 5.608864315393248257e-01 5.980016521760349590e-01 6.374884680919883362e-01 6.791241470704586503e-01 7.238303409518134224e-01 7.712235484205214320e-01 8.200326049786768046e-01
7.783575916432968755e-01 8.600158547719559676e-01 9.318197345572699630e-01 9.813582483799641043e-01 1.000000000000000000e+00 9.814646753130320533e-01 9.325968848964052427e-01 8.621674236047985884e-01 7.815460408637329159e-01 7.013700136594535062e-01 6.285566117822409815e-01 5.672240993314351387e-01 5.165695590755899902e-01 4.739406753498566216e-01 4.360303086440397435e-01 4.019995770009908709e-01 3.685070853921182388e-01 3.370357681769358127e-01 3.085163342111880702e-01 2.833811035271051604e-01 2.619070663552207634e-01 2.442936103362643996e-01 2.306696165019267997e-01 2.197995207050597311e-01 2.107427573559078060e-01 2.030660835474026316e-01 1.973480916747021863e-01 1.937197619053962483e-01 1.908446201798040809e-01 1.915020713537827213e-01 1.941572074622909816e-01 1.989168375038383174e-01 2.042281401345835135e-01 2.105172546786248655e-01 2.179672308785603474e-01 2.254950293106694481e-01 2.356015107391680186e-01 2.491723998513488691e-01 2.652573932240006593e-01 2.849386508079508884e-01 3.088924806764041797e-01 3.339918922448038563e-01 3.635615048090231061e-01 3.957279452284687138e-01 4.303008878602939125e-01 4.692645936464688305e-01 5.131752709845118776e-01 5.643751206227618500e-01 6.258432357213852271e-01 6.981390181746716106e-01 8.193141112884260169e-01 8.663657810684853855e-01 9.060747628845690071e-01 9.327606530239337390e-01 9.421137749698499375e-01 9.326403390195441290e-01 9.061750130897011646e-01 8.669833761230701930e-01 8.204113012211498024e-01 7.713219001647817485e-01 7.234987796909491120e-01 6.788606534381955715e-01 6.372965078163226327e-01 5.990233419527810632e-01 5.625900567006250075e-01 5.273861696043214975e-01 4.936810316441140878e-01 4.613336894105785624e-01 4.313852056726549256e-01 4.036021250192213250e-01 3.795680883204216038e-01 3.581305324191347284e-01 3.401086759472170540e-01 3.244995990626345916e-01 3.119106427264868309e-01 3.014523638353625579e-01 2.930053778875209014e-01 2.869254587408149315e-01 2.833265947302248122e-01 2.818513886484214637e-01 2.837192650201073030e-01 2.877703758649017840e-01 2.942033211684039751e-01 3.027352475086814709e-01 3.129782954947443185e-01 3.259679956884966034e-01 3.410046066376578588e-01 3.587915973085928356e-01 3.798556657098174361e-01 4.036709015071877626e-01 4.302949624829466302e-01 4.593596658176928305e-01 4.909566588428088130e-01 5.245852142628308901e-01 5.596592275727210186e-01 5.969308649104362319e-01 6.359651955199844275e-01 6.775550803887654405e-01 7.223703839494385326e-01 7.701852990050425118e-01
6.982005594411604399e-01 7.790612750674180687e-01 8.607333138341225487e-01 9.322226537579075822e-01 9.814646753130320533e-01 1.000000000000000222e+00 9.816013603006531474e-01 9.329764036183791909e-01 8.621647792642860297e-01 7.812187469649923832e-01 7.008878622174816719e-01 6.294161476483196571e-01 5.692888930122186331e-01 5.193340929545167128e-01 4.762786130335534551e-01 4.386347128729408129e-01 4.021989423539146236e-01 3.678784652554434320e-01 3.361868573471662458e-01 3.077808333867227408e-01 2.829699692982220460e-01 2.622271012086143660e-01 2.457305838487169325e-01 2.325314296255797664e-01 2.214856203582744321e-01 2.121041161700767397e-01 2.046777698673210855e-01 1.993658841911215007e-01 1.949966171696706219e-01 1.940733243284783749e-01 1.952985392624346506e-01 1.984454949838798943e-01 2.022229777930936445e-01 2.069371325706212406e-01 2.126865845968130830e-01 2.181725742032780413e-01 2.259237272292747567e-01 2.366886348516951954e-01 2.496251955120555865e-01 2.659089920784991068e-01 2.864121963782067515e-01 3.082274447836180209e-01 3.346035940373166540e-01 3.637137186392953025e-01 3.949144561332648129e-01 4.299080236986339010e-01 4.683398918633585040e-01 5.118966489306743251e-01 5.635916335706103730e-01 6.257098860856509237e-01 7.705839086220525047e-01 8.199784060908759109e-01 8.670741261073391382e-01 9.066038377315712715e-01 9.331772661161430449e-01 9.425218142762239459e-01 9.332015630137353579e-01 9.067943472044022180e-01 8.675693239678057278e-01 8.209355151591574140e-01 7.721350887395875828e-01 7.248965144895999080e-01 6.803915087360292713e-01 6.396770613434290542e-01 6.012484679823948408e-01 5.644212982422242009e-01 5.289954894765922511e-01 4.947147490634448697e-01 4.624645339065346361e-01 4.320480697312200080e-01 4.051783904646254486e-01 3.809600139099195149e-01 3.601553927846204428e-01 3.419482096365201729e-01 3.268857023148626917e-01 3.139978503566889234e-01 3.032239488933427540e-01 2.947811755580699855e-01 2.888470709386613544e-01 2.850486172179081956e-01 2.845791272395662985e-01 2.863957342475452750e-01 2.905573738535722761e-01 2.967635849794088565e-01 3.045871977508020079e-01 3.150277755801968449e-01 3.273676548104898498e-01 3.422568106919314235e-01 3.603381469164598783e-01 3.810788231208057653e-01 4.046934050079824541e-01 4.309577979984433038e-01 4.599837569647508007e-01 4.914850103704353490e-01 5.246028088197662864e-01 5.599658494507614437e-01 5.968743060825614233e-01 6.357173126560470289e-01 6.775316362666552461e-01 7.225474384913790349e-01
6.256361852721858963e-01 6.990001072273238636e-01 7.800140915760868099e-01 8.614287715162015635e-01 9.325968848964052427e-01 9.816013603006531474e-01 1.000000000000000000e+00 9.816543401586976803e-01 9.326031108485602905e-01 8.614613418898912078e-01 7.803271598157378586e-01 7.012052025463820781e-01 6.308185853117059816e-01 5.712403214722803213e-01 5.205944752333095948e-01 4.775360426386910939e-01 4.371954626491094675e-01 3.997228722662598543e-01 3.650136322430868052e-01 3.335217513981845738e-01 3.055683964067543168e-01 2.817554409301840090e-01 2.622750149521511087e-01 2.465173425042887223e-01 2.331917070749172649e-01 2.218685266130468181e-01 2.126758533053384193e-01 2.056894558678065144e-01 1.999297729240905874e-01 1.974835850330557696e-01 1.972580522283561288e-01 1.988141548453938035e-01 2.010534587516519256e-01 2.040906485794747316e-01 2.081288212202225263e-01 2.116200234351247877e-01 2.171522925410196148e-01 2.253629411372628788e-01 2.355540960294660036e-01 2.488281713470816281e-01 2.661535399326847573e-01 2.848153753197372740e-01 3.080106134291477060e-01 3.340537810438478639e-01 3.621429264274578785e-01 3.939196745855080284e-01 4.284367650380753179e-01 4.665779700409077302e-01 5.106794703753166909e-01 5.633100762994128763e-01 7.225559500593932150e-01 7.708990476387890256e-01 8.203754499999025285e-01 8.672667353861809314e-01 9.067185621897225767e-01 9.332108139326482643e-01 9.426000636333385918e-01 9.332123562766220237e-01 9.067439908034246043e-01 8.674665149179092705e-01 8.210030208667995488e-01 7.726484105233381028e-01 7.254072886022528976e-01 6.816644905267009724e-01 6.405857067186830900e-01 6.016899202587636664e-01 5.644375819477259748e-01 5.283425841591730121e-01 4.940738323864938275e-01 4.613411427065980397e-01 4.318164154563394752e-01 4.049577289560441495e-01 3.813976822242519660e-01 3.605406885020088770e-01 3.429036495947169194e-01 3.275330612501272110e-01 3.143985771420199082e-01 3.036632626612302821e-01 2.954375371664398897e-01 2.894211533279719695e-01 2.866675181905067871e-01 2.862583591755231693e-01 2.881537389683833106e-01 2.920335156207892746e-01 2.974669106268916785e-01 3.053656502258269567e-01 3.150554327465124316e-01 3.271806497532026015e-01 3.424082483315942782e-01 3.601991944268022050e-01 3.808917723377941433e-01 4.043520818200701528e-01 4.306626519159070798e-01 4.597976373344875856e-01 4.908186601161875218e-01 5.242900968294770259e-01 5.593334218711401018e-01 5.960003660806445502e-01 6.352478568558979077e-01 6.772213637160436894e-01
5.639189526545488329e-01 6.270065080784481548e-01 7.004077037239753167e-01 7.810652799994342033e-01 8.621674236047985884e-01 9.329764036183791909e-01 9.816543401586976803e-01 1.000000000000000222e+00 9.813751686992409073e-01 9.320348965305677025e-01 8.607602888906495942e-01 7.807398245802033010e-01 7.024985185094541063e-01 6.325538391667809845e-01 5.721156479864373257e-01 5.213835609982336861e-01 4.756917596232967393e-01 4.344455180449188214e-01 3.968209802904238415e-01 3.624766409287050739e-01 3.316365176057234909e-01 3.047491886424419927e-01 2.820981422667241389e-01 2.634032447524747855e-01 2.473598678262599049e-01 2.336416272143927719e-01 2.223451131726309760e-01 2.133932756261459340e-01 2.060348385293876705e-01 2.019723329514516164e-01 2.003357952398069353e-01 2.005092863234113065e-01 2.014929641753565592e-01 2.032104155955607450e-01 2.058759695785205568e-01 2.076653705414612805e-01 2.112988643697484015e-01 2.171570877554815093e-01 2.247642039646774725e-01 2.352621787719749447e-01 2.496304018169554773e-01 2.654443398898410633e-01 2.856938751676381116e-01 3.088037490071081637e-01 3.339403347337174255e-01 3.627353660640866284e-01 3.940244288611699508e-01 4.280763132707791074e-01 4.664857479886319047e-01 5.114115706886724899e-01 6.779010194255585819e-01 7.234442724667731195e-01 7.717868200062353301e-01 8.209939414127916946e-01 8.677461513653300651e-01 9.070086061556221768e-01 9.333773159480834858e-01 9.426276139154817768e-01 9.331909238900999437e-01 9.067035879270822774e-01 8.675301668707443570e-01 8.214012747493187883e-01 7.729780581565585118e-01 7.264104936832600501e-01 6.821955492048231706e-01 6.407141569600144360e-01 6.014049403046819453e-01 5.635436966219742327e-01 5.275484506389751527e-01 4.929286745003437220e-01 4.610391659264347353e-01 4.317190420893732838e-01 4.054355624895196741e-01 3.818729037315766184e-01 3.614953782181774544e-01 3.434784170350990706e-01 3.278063776365763848e-01 3.146590416020728087e-01 3.040783140367091519e-01 2.958542587026469772e-01 2.909284536921603048e-01 2.884152387452709188e-01 2.882066816562413036e-01 2.899181290083356899e-01 2.931610329245162849e-01 2.986758320276032275e-01 3.058536094412159789e-01 3.153898245879412365e-01 3.278269181444417590e-01 3.427732321309933661e-01 3.606249251394498812e-01 3.813631374037717570e-01 4.048986761040971327e-01 4.315548578192636153e-01 4.602539045721451005e-01 4.916290047823522746e-01 5.247501036280999287e-01 5.594476381553300515e-01 5.964403955955965841e-01 6.356746178080254772e-01
5.117535656165109748e-01 5.650505970135747402e-01 6.281746046880334333e-01 7.011449870379520277e-01 7.815460408637329159e-01 8.621647792642860297e-01 9.326031108485602905e-01 9.813751686992409073e-01 1.000000000000000000e+00 9.814051846886335806e-01 9.321734543028321607e-01 8.619362880322025688e-01 7.824609556271623356e-01 7.043962756384076762e-01 6.331915068685323167e-01 5.722908486168556408e-01 5.188484418004526422e-01 4.721363147046161446e-01 4.309502234725696157e-01 3.937003887537416924e-01 3.601971873725497986e-01 3.304136800645947614e-01 3.043891845860344780e-01 2.823465467311269128e-01 2.630377067895077192e-01 2.464190144460442211e-01 2.327115988984240769e-01 2.216674942075270993e-01 2.126183869275440064e-01 2.068621848467756263e-01 2.036524864666862944e-01 2.023758961263908973e-01 2.020490958900899303e-01 2.024590080998617536e-01 2.038766754582181651e-01 2.041884418717344052e-01 2.062135406191100140e-01 2.100362935499474615e-01 2.154340516465329813e-01 2.234797093542473800e-01 2.352013641605338046e-01 2.484658894918252980e-01 2.659131648758138455e-01 2.861585681210574439e-01 3.083761094785678614e-01 3.341623568224392216e-01 3.626000242720511801e-01 3.933781594482044230e-01 4.276982764888774269e-01 4.670427072047680928e-01 6.360913559533591943e-01 6.785705659644611920e-01 7.241160798694581402e-01 7.722211281744959521e-01 8.212866733906694083e-01 8.678474359607909472e-01 9.069395900865067084e-01 9.333224982779001477e-01 9.427181563861092295e-01 9.334740743311212841e-01 9.071316846380254040e-01 8.682012971032263549e-01 8.219539397365078770e-01 7.739770457845259743e-01 7.266948537028203869e-01 6.819947509518036188e-01 6.399606826934586268e-01 5.999735115250179884e-01 5.622332320375600379e-01 5.259720436080893569e-01 4.920192006536674989e-01 4.604080761183207415e-01 4.314652435022851007e-01 4.050495732596319232e-01 3.817144345869464828e-01 3.608351714570798840e-01 3.424241094168875010e-01 3.267761582658602060e-01 3.137542984506638821e-01 3.033474240290475188e-01 2.962126741254538786e-01 2.915587059934572345e-01 2.892340325937493573e-01 2.888126833874225530e-01 2.899448281369292335e-01 2.932254046364922151e-01 2.980645788364284510e-01 3.052018598291069695e-01 3.149676924974513792e-01 3.272762497226824330e-01 3.424046797097535788e-01 3.605525503660532705e-01 3.813486614067426728e-01 4.053999227492736668e-01 4.315890246928302809e-01 4.606400644487184670e-01 4.917117966345513902e-01 5.245034732201190320e-01 5.595646567229614066e-01 5.966140028008456442e-01
4.668611836257378078e-01 5.124079040042686106e-01 5.658340358034329443e-01 6.284726325290219684e-01 7.013700136594535062e-01 7.812187469649923832e-01 8.614613418898912078e-01 9.320348965305677025e-01 9.814051846886335806e-01 1.000000000000000000e+00 9.814128294501223149e-01 9.328023189999546938e-01 8.627155112241023938e-01 7.833879082702445151e-01 7.040746426611459441e-01 6.324022819282738572e-01 5.691198568790868384e-01 5.147273543781927252e-01 4.683649073519798312e-01 4.273766771582545587e-01 3.910154025937288003e-01 3.585570344141215671e-01 3.293900425774276552e-01 3.040383999595127062e-01 2.813518180000448288e-01 2.615728140679323133e-01 2.451716112521357127e-01 2.316409709772433434e-01 2.204584064933468035e-01 2.126276580202221267e-01 2.075240927089395393e-01 2.046416432682766906e-01 2.028603420274817104e-01 2.019559387370540304e-01 2.020295726831076166e-01 2.009219576598116619e-01 2.014962597865326555e-01 2.034944439894770252e-01 2.070817489064938899e-01 2.130730760621606101e-01 2.224814361232259063e-01 2.334861644095268529e-01 2.483467477512454891e-01 2.659461265453565426e-01 2.853616904992439252e-01 3.081886439700360913e-01 3.337986994377796779e-01 3.614889220696172467e-01 3.924947426728331301e-01 4.277524159987419194e-01 5.963789284711342731e-01 6.362078276193807724e-01 6.786569052657354106e-01 7.240423280411292239e-01 7.719757211285983578e-01 8.208205087362986374e-01 8.671530563524909585e-01 9.063480306597038183e-01 9.329191383326811415e-01 9.425174154039395180e-01 9.332940733283360268e-01 9.069874415832395176e-01 8.679197862835309474e-01 8.219282024573751899e-01 7.732513481473290984e-01 7.256448555462858829e-01 6.804627188296694662e-01 6.378368694964489105e-01 5.980183782245529489e-01 5.600623746678824455e-01 5.242478062180886411e-01 4.905912079990818464e-01 4.592438649911911308e-01 4.301345158973580163e-01 4.038747402326461344e-01 3.800822302364918470e-01 3.588428455838456044e-01 3.405231734586563475e-01 3.248919219586798302e-01 3.121196845201729131e-01 3.026659598023735964e-01 2.957363267566980869e-01 2.912194575960496135e-01 2.886526557637429380e-01 2.876360196621712273e-01 2.886614372281452456e-01 2.912507010771225313e-01 2.961255674508466162e-01 3.034026374867833109e-01 3.132678460544491839e-01 3.258201099551468194e-01 3.414831019614117946e-01 3.595925597423001441e-01 3.809905170601299851e-01 4.046053964059967978e-01 4.311403347682535303e-01 4.599432595694858406e-01 4.907269339120171048e-01 5.238862500028760305e-01 5.590799317107372213e-01
4.272861075411857334e-01 4.671706086111057643e-01 5.128960519276279939e-01 5.657366881000432945e-01 6.285566117822409815e-01 7.008878622174816719e-01 7.803271598157378586e-01 8.607602888906495942e-01 9.321734543028321607e-01 9.814128294501223149e-01 9.999999999999998890e-01 9.817395048613571928e-01 9.332302889765970999e-01 8.634448887964423225e-01 7.830635531836742658e-01 7.033887581902880104e-01 6.298736375069872162e-01 5.658692044046679248e-01 5.122552181124687687e-01 4.660281054872115192e-01 4.259416424668839296e-01 3.904740870068358349e-01 3.581259215973974230e-01 3.294319782956662279e-01 3.032663854497718026e-01 2.801342264366876167e-01 2.607507644239567823e-01 2.443642161366448573e-01 2.306527551449281122e-01 2.203470878823051426e-01 2.130034317625185969e-01 2.083938507805692675e-01 2.051218092748891275e-01 2.030848639680830070e-01 2.021202844163243473e-01 2.000123841974959793e-01 1.995176066138904525e-01 1.999420069158030777e-01 2.019319449790631937e-01 2.060371163666385452e-01 2.132547067968235122e-01 2.220688936934693825e-01 2.343890802281953234e-01 2.492979422224465558e-01 2.658802934325117384e-01 2.855847068567336500e-01 3.082018187751071614e-01 3.326841455430190608e-01 3.605238653565540075e-01 3.923594083590093429e-01 5.590900524367180546e-01 5.967161726657571608e-01 6.364297733329985496e-01 6.787522549996090060e-01 7.239194505609398700e-01 7.716018662780947945e-01 8.202338236395170235e-01 8.668024993646823440e-01 9.062684821326534301e-01 9.330905118029024781e-01 9.426860290246887875e-01 9.334153184418193527e-01 9.071137231718737759e-01 8.681872618087622673e-01 8.216768366589165540e-01 7.728554445014625962e-01 7.249216753067455610e-01 6.793515660879891893e-01 6.369971891166360534e-01 5.971051694787911091e-01 5.594609514170183484e-01 5.238867895340040270e-01 4.903131891317047963e-01 4.587044610330536232e-01 4.296233500694211505e-01 4.029381442367508392e-01 3.787932333447123212e-01 3.576819574233199295e-01 3.392930377929348484e-01 3.239809386794442192e-01 3.120925995033618228e-01 3.027617285009787662e-01 2.960330666107073294e-01 2.913938931161195178e-01 2.883598169690314572e-01 2.873087112646903196e-01 2.878266203853369065e-01 2.905601333191438762e-01 2.954536360548699614e-01 3.029783384478636488e-01 3.129951523804476166e-01 3.261566781806806148e-01 3.415768831269547223e-01 3.601730949760794664e-01 3.809874390846380021e-01 4.047700637112652822e-01 4.310265879073204576e-01 4.594632419826164549e-01 4.904693590973196460e-01 5.237729057248851072e-01
3.925934028473933024e-01 4.284949676121673767e-01 4.688207207634288998e-01 5.139814459039508954e-01 5.672240993314351387e-01 6.294161476483196571e-01 7.012052025463820781e-01 7.807398245802033010e-01 8.619362880322025688e-01 9.328023189999546938e-01 9.817395048613571928e-01 1.000000000000000000e+00 9.816131143717001795e-01 9.331669740819141801e-01 8.623349269186972865e-01 7.813947355933501537e-01 7.001435631755814626e-01 6.259225558483600960e-01 5.628852323772407518e-01 5.093970901252731220e-01 4.641878057162044935e-01 4.251741232653175051e-01 3.897553615405161542e-01 3.579676794300222786e-01 3.285920763245382958e-01 3.021451042314087232e-01 2.796666724772961521e-01 2.601449566356379695e-01 2.435650768669116450e-01 2.304010997419976003e-01 2.203475685832108899e-01 2.134527507097412347e-01 2.082365021452164122e-01 2.046709785386683356e-01 2.024147194608229006e-01 1.993188113832738140e-01 1.979329650706619648e-01 1.972763465630860968e-01 1.982408945984993620e-01 2.010973441152022478e-01 2.066155351977872479e-01 2.136161646126102376e-01 2.235866034583955109e-01 2.358932031888306968e-01 2.496894170688298553e-01 2.662766428256499451e-01 2.858546717971457429e-01 3.071266900667040667e-01 3.319783553768134166e-01 3.608432564871082437e-01 5.242796538847006582e-01 5.600409987724879191e-01 5.975670514315719606e-01 6.372900018504888964e-01 6.793589643920167065e-01 7.242479019133674090e-01 7.717445519943558763e-01 8.205763840140672949e-01 8.673206988329879019e-01 9.068452759423641929e-01 9.333858274746694716e-01 9.426110302495139814e-01 9.332184439659435560e-01 9.067092754324602710e-01 8.672892815007915424e-01 8.205982740112987006e-01 7.714663565994785976e-01 7.231994465978740516e-01 6.779293324079097571e-01 6.355932667829544691e-01 5.959574223580608177e-01 5.585941267245521091e-01 5.231237215925850226e-01 4.893839826838603524e-01 4.578053706619533147e-01 4.283988048810405957e-01 4.014401477285656217e-01 3.774680145268164422e-01 3.562225491640089170e-01 3.381753342259243289e-01 3.236045146427944386e-01 3.116381992087367547e-01 3.024773281524513746e-01 2.956085832434947047e-01 2.904860129174789973e-01 2.873569993598129035e-01 2.859286339115774123e-01 2.867261469611449010e-01 2.895404351978825286e-01 2.950261192562627643e-01 3.027729464457801223e-01 3.136309586005526229e-01 3.265203967221710912e-01 3.423470097754990338e-01 3.603511433965235766e-01 3.812712734551425564e-01 4.048647136972155502e-01 4.307736242602868137e-01 4.594760401589912946e-01 4.907862507694056298e-01
3.617596090916925244e-01 3.944057317676623597e-01 4.309190621764399376e-01 4.707003615437055366e-01 5.165695590755899902e-01 5.692888930122186331e-01 6.308185853117059816e-01 7.024985185094541063e-01 7.824609556271623356e-01 8.627155112241023938e-01 9.332302889765970999e-01 9.816131143717001795e-01 9.999999999999998890e-01 9.817451499546407945e-01 9.326349905614460534e-01 8.612355882527772399e-01 7.790954717526591411e-01 6.972390706334268273e-01 6.241555657073883934e-01 5.613560004172306606e-01 5.089381337284113460e-01 4.648798857824659181e-01 4.257225816976283328e-01 3.906919895974769186e-01 3.581486268643517268e-01 3.284327494999142449e-01 3.027599421386316658e-01 2.799231216995500260e-01 2.602068520281142217e-01 2.439058218242820819e-01 2.308891760015484851e-01 2.214114689632414867e-01 2.139402941928982282e-01 2.087055074402232591e-01 2.050874791702003430e-01 2.010247712722412761e-01 1.987646059075666161e-01 1.970302307532312003e-01 1.969367314386326340e-01 1.984607460344091634e-01 2.023133200331588000e-01 2.076044448910176199e-01 2.154130357146332997e-01 2.253903647696733625e-01 2.367261413926965152e-01 2.505354937639374113e-01 2.672950958520851628e-01 2.855107988720598233e-01 3.073024663246998189e-01 3.330649547004042588e-01 4.922076284016631553e-01 5.260909749263904533e-01 5.617374836879636124e-01 5.993832808583213767e-01 6.388375708923481611e-01 6.806559897355453082e-01 7.253414361925190068e-01 7.728986859281367083e-01 8.218133546099106734e-01 8.684493652987850254e-01 9.075787473441340181e-01 9.337218224874512806e-01 9.429753541627143854e-01 9.333096588930763771e-01 9.065630948830643021e-01 8.670255270841848994e-01 8.201646689726616035e-01 7.708664828497957533e-01 7.229624848342672827e-01 6.778026612673715423e-01 6.357427630379821615e-01 5.963549640407844743e-01 5.590087698030338226e-01 5.233332021520978872e-01 4.895217341833708047e-01 4.575802759951813070e-01 4.279337280772561591e-01 4.011058718227689668e-01 3.770247725511762793e-01 3.560933889953966092e-01 3.387239235804426762e-01 3.239802269973335314e-01 3.122493844267650309e-01 3.030523680404936804e-01 2.957891919895075383e-01 2.905406598744419977e-01 2.871565836229767466e-01 2.859362914546096368e-01 2.866858685646198612e-01 2.900967132857683040e-01 2.956020378853470576e-01 3.041586393492171081e-01 3.146299077895831076e-01 3.277949137612424235e-01 3.431170479905960025e-01 3.612694369415170303e-01 3.821874539035312601e-01 4.055171145888520901e-01 4.317277733890194646e-01 4.607773226406781109e-01
3.338679905764993516e-01 3.634833232818815985e-01 3.970093027383330697e-01 4.331400357761603370e-01 4.739406753498566216e-01 5.193340929545167128e-01 5.712403214722803213e-01 6.325538391667809845e-01 7.043962756384076762e-01 7.833879082702445151e-01 8.634448887964423225e-01 9.331669740819141801e-01 9.817451499546407945e-01 9.999999999999997780e-01 9.812822299455644659e-01 9.315418067859763118e-01 8.592744052667957710e-01 7.767376927460635239e-01 6.962358607737837435e-01 6.237436104974978246e-01 5.621145469499843061e-01 5.108466680810416216e-01 4.664385169971713707e-01 4.273421572350943332e-01 3.914351706992419966e-01 3.584680669253560437e-01 3.296431153285125926e-01 3.034867100814249152e-01 2.805693631264813415e-01 2.610064709043889430e-01 2.448407591567397235e-01 2.324732947991347831e-01 2.224341898013215968e-01 2.151678329020631220e-01 2.098698948600672964e-01 2.045871415552431849e-01 2.012622699298513562e-01 1.984845406932656819e-01 1.975027253236001645e-01 1.978418978981320020e-01 2.002449612625743502e-01 2.039949559751666752e-01 2.097354135712565792e-01 2.173462298918421298e-01 2.263297541854404904e-01 2.375224655151271236e-01 2.515910263449188666e-01 2.669423332353569323e-01 2.856938641687346014e-01 3.083007033046220591e-01 4.623111299335473934e-01 4.940724732285282084e-01 5.278646313484656183e-01 5.637694549362436414e-01 6.012215767175386194e-01 6.404244512591444893e-01 6.821067209811557674e-01 7.267841122531245590e-01 7.744061833683970608e-01 8.231337516963582734e-01 8.693160464636010554e-01 9.080301008607898350e-01 9.341771253307200595e-01 9.430027182888418569e-01 9.332616449193390507e-01 9.064141542465707913e-01 8.669010971614671268e-01 8.201024950225910271e-01 7.713314474517638519e-01 7.237053808930359322e-01 6.788970603516346625e-01 6.370275161993145252e-01 5.975147130777014315e-01 5.598961664845434338e-01 5.240139944350594714e-01 4.897974223180393549e-01 4.576879479012675445e-01 4.281721172499413086e-01 4.013738784792815206e-01 3.775496851302842516e-01 3.573028804237255440e-01 3.397218502880318125e-01 3.253122616727986971e-01 3.136088184823305203e-01 3.040616886211300884e-01 2.965875880542224174e-01 2.911552135767839222e-01 2.879008176384681428e-01 2.866427837910275334e-01 2.879889848220355542e-01 2.913258077389548895e-01 2.975920246291876570e-01 3.056677730393335124e-01 3.161928109117826402e-01 3.288129283118595980e-01 3.442685656528722826e-01 3.625020020735598147e-01 3.831463658699766905e-01 4.067099390169730544e-01 4.332231763950003534e-01
3.081852596661421861e-01 3.346842777400330649e-01 3.654558773828984752e-01 3.987730458680575074e-01 4.360303086440397435e-01 4.762786130335534551e-01 5.205944752333095948e-01 5.721156479864373257e-01 6.331915068685323167e-01 7.040746426611459441e-01 7.830635531836742658e-01 8.623349269186972865e-01 9.326349905614460534e-01 9.812822299455644659e-01 1.000000000000000222e+00 9.811785551572439479e-01 9.311998064995160584e-01 8.589093490261195951e-01 7.778379816824895210e-01 6.981493100141230590e-01 6.267266910410368430e-01 5.660284412049629843e-01 5.140431284786826094e-01 4.692796367809003999e-01 4.290881206949751503e-01 3.925068919028588121e-01 3.604154379309954526e-01 3.310139048310469234e-01 3.047943850675836619e-01 2.818403486449364559e-01 2.622897605964323864e-01 2.465473106579223472e-01 2.334663720795590869e-01 2.236084848944685510e-01 2.163276965259812168e-01 2.095444613291766733e-01 2.049824528781213628e-01 2.012386194699107844e-01 1.993524940099878073e-01 1.984872014224001169e-01 1.995860623317571025e-01 2.019368973348548701e-01 2.059232669379600089e-01 2.114526479116336233e-01 2.183136793722646463e-01 2.270892125494075597e-01 2.384960578083004656e-01 2.510325632559217701e-01 2.665885649522811152e-01 2.859485917345326311e-01 4.338111534064569841e-01 4.631669555434852481e-01 4.949327758481071871e-01 5.290915998590928204e-01 5.648371758559683764e-01 6.019732711900931399e-01 6.410666501870180278e-01 6.826481992420498912e-01 7.273651512303506150e-01 7.748335315360520559e-01 8.231530241975769657e-01 8.691072232648888729e-01 9.080235384880275262e-01 9.339930792525870107e-01 9.432128046530107168e-01 9.336489736018653840e-01 9.072367651388562049e-01 8.680425204751952561e-01 8.218870674461886683e-01 7.734433009895242961e-01 7.261097732132277827e-01 6.812846433011700009e-01 6.390574540434692530e-01 5.991307786394198809e-01 5.611185501189500657e-01 5.247613862958467879e-01 4.904370980878118846e-01 4.584301528597036768e-01 4.290121064143999075e-01 4.023267314139380435e-01 3.790457167314308928e-01 3.584686648688114596e-01 3.411212629532446305e-01 3.266517301562505970e-01 3.145925562021382182e-01 3.047718027402203100e-01 2.971513944080132474e-01 2.917764054810843555e-01 2.884600225387592976e-01 2.876898644895414803e-01 2.888813209564024542e-01 2.928851783264492803e-01 2.986678202593875953e-01 3.066842234372786358e-01 3.167392067597429306e-01 3.295290766254382886e-01 3.450609817091196962e-01 3.629352891826220784e-01 3.836499379906161411e-01 4.073338618005102885e-01
2.857874003270646779e-01 3.091935022459207927e-01 3.370639743282735634e-01 3.676763481640270004e-01 4.019995770009908709e-01 4.386347128729408129e-01 4.775360426386910939e-01 5.213835609982336861e-01 5.722908486168556408e-01 6.324022819282738572e-01 7.033887581902880104e-01 7.813947355933501537e-01 8.612355882527772399e-01 9.315418067859763118e-01 9.811785551572439479e-01 1.000000000000000222e+00 9.811507496363299774e-01 9.312934827353712697e-01 8.603774145722844491e-01 7.803632272085500032e-01 7.017015989771261397e-01 6.308937484810138718e-01 5.691354272406590198e-01 5.163203456864552399e-01 4.701733444720166410e-01 4.290891107229036772e-01 3.934846715175777110e-01 3.610484068752391473e-01 3.317365420464548631e-01 3.056647059914097131e-01 2.828301762785302986e-01 2.636346081610387304e-01 2.472534475928436781e-01 2.344560422669385580e-01 2.246623312659778715e-01 2.158757242691058120e-01 2.096294108172141180e-01 2.046337068868107345e-01 2.015657128481913307e-01 1.994112276286152952e-01 1.992523412877550137e-01 2.003017059814821699e-01 2.027340541490984249e-01 2.063268420255507662e-01 2.112373221373922694e-01 2.179407842615510016e-01 2.269839029878757686e-01 2.371650627450341275e-01 2.500213601126466956e-01 2.665681584091353362e-01 4.075971079886910875e-01 4.343671080796013828e-01 4.638889887488039654e-01 4.960693248303491010e-01 5.301163925900327367e-01 5.655136451136095754e-01 6.025047802840679534e-01 6.414390717265272546e-01 6.829241036013259381e-01 7.274243275965430744e-01 7.743684489588192887e-01 8.224962750695714586e-01 8.686065933702172837e-01 9.074065087140239516e-01 9.339235345104981434e-01 9.433709496393921645e-01 9.344443727224500673e-01 9.084017727714031043e-01 8.698689108298024442e-01 8.240253802765404867e-01 7.757596302576250658e-01 7.282009577970357528e-01 6.828052031917454245e-01 6.399841311533185362e-01 5.994725865882669646e-01 5.609549710735604044e-01 5.245946307923885499e-01 4.904168429940328200e-01 4.586941261301362704e-01 4.294050636722735459e-01 4.032519867585697138e-01 3.797429227093803705e-01 3.594308016216745671e-01 3.420256930065499468e-01 3.272402487231608759e-01 3.148697815013354329e-01 3.048324115231477172e-01 2.971690523023584052e-01 2.916705881481135298e-01 2.886702283776451661e-01 2.877203943232062300e-01 2.894807193211055840e-01 2.929986997501539681e-01 2.986465991264699582e-01 3.062513001600176143e-01 3.165433454080528453e-01 3.295364334832091568e-01 3.447931495207661179e-01 3.628066406788971743e-01 3.837434364528284902e-01
