7.048670520392180450e+00 6.734335464878116184e+00 5.985646582683003203e+00 4.950146451489528587e+00 3.802926953957332490e+00 2.731672052623245417e+00 1.820367303279154969e+00 1.095160453880774876e+00 5.536705324391573146e-01 1.330439413528175518e-01 -2.045971393382684522e-01 -4.974073824630066976e-01 -7.324025026605913702e-01 -9.490458237524674878e-01 -1.089759634506502151e+00 -1.161581803068429730e+00 -1.154234942122488450e+00 -1.057621069261513558e+00 -8.990701274522229225e-01 -7.054417788154082603e-01 -5.362098218310636932e-01 -4.011939218563596032e-01 -2.888593340560277056e-01 -2.373646039840156818e-01 -1.819226680802430163e-01 -1.505623545594170498e-01 -1.543271197003880935e-01 -1.863274205185003474e-01 -2.668449808783888710e-01 -3.972976296999741752e-01 -5.457813848352006669e-01 -7.333266410784136102e-01 -8.982107885832240068e-01 -1.050440386962944395e+00 -1.139926670628570005e+00 -1.159771580794527024e+00 -1.110410970967278699e+00 -9.690976496649580385e-01 -7.616962297044134189e-01 -5.299885302881482962e-01 -2.485020428909109624e-01 7.789572747445272505e-02 4.878081881687504340e-01 1.035646870167213018e+00 1.763923050421734917e+00 2.696900231294653949e+00 3.798759312835778168e+00 4.959024671746552038e+00 6.022572693539559374e+00 6.758390751283378073e+00 2.816714919948385543e+01 2.740699008413986348e+01 2.530841428289206618e+01 2.229584465179603825e+01 1.892828820184691807e+01 1.556080985639209224e+01 1.256692374688011071e+01 9.986846029515618284e+00 7.808827697442375815e+00 5.985269544405125153e+00 4.399177405874385549e+00 2.886626351972565008e+00 1.553441614020878658e+00 3.104999659215889607e-01 -7.290462697375909018e-01 -1.565590724498240549e+00 -2.216130192071768867e+00 -2.563782295267289957e+00 -2.664506049359868900e+00 -2.565021686673699008e+00 -2.413847494831134810e+00 -2.238086156679476524e+00 -2.110709665510146493e+00 -1.958236309774069817e+00 -1.870205045482344230e+00 -1.753585451958763031e+00 -1.769017819604999264e+00 -1.857218410137980058e+00 -2.040104226856481962e+00 -2.349208245665682870e+00 -2.553143753194754506e+00 -2.783583401432883964e+00 -2.814800064756455722e+00 -2.652944136025517707e+00 -2.227732898396671324e+00 -1.614741487529644193e+00 -7.472158037088647564e-01 3.091785817907064526e-01 1.531538471038830451e+00 2.855776852393299148e+00 4.299957193218975959e+00 5.860878908268361442e+00 7.641510836466928858e+00 9.752965050374458045e+00 1.233520046390925984e+01 1.535356807075347518e+01 1.877014959792888860e+01 2.224207929440525433e+01 2.531735488169426773e+01 2.743353851002336086e+01
6.734335464878116184e+00 7.042637597879791933e+00 6.787300998601491386e+00 6.085158993785526604e+00 5.042209137318161893e+00 3.888768608614347144e+00 2.781604802258808018e+00 1.822248911019128670e+00 1.067351041971765779e+00 4.875138596257713175e-01 5.018623162265246906e-02 -3.006259909826086152e-01 -5.685203275390352529e-01 -8.147373480369067833e-01 -9.923012242649256187e-01 -1.115313545127997852e+00 -1.165954162097986968e+00 -1.125468258062692684e+00 -1.009829745555261837e+00 -8.392501804650812636e-01 -6.729033658627608938e-01 -5.226424588994764697e-01 -3.833331520714616802e-01 -3.018493405279972785e-01 -2.241878105836753177e-01 -1.697270113218490029e-01 -1.520442998187374051e-01 -1.577160030709446603e-01 -2.100515672731141370e-01 -3.107653874248237913e-01 -4.340730144599092566e-01 -6.154625752873602584e-01 -7.909796346101171105e-01 -9.640503240041761179e-01 -1.095715005786838558e+00 -1.165894707178390277e+00 -1.164937166916286460e+00 -1.074078489890723409e+00 -9.080455844372019580e-01 -7.047421982676033148e-01 -4.490695265309900819e-01 -1.746476749560323394e-01 1.495569477807997816e-01 5.567854741616558023e-01 1.085785700567490686e+00 1.797340145369064279e+00 2.699890071121553881e+00 3.765833169479865905e+00 4.915080049222942726e+00 5.961405781793928327e+00 2.742361771801304116e+01 2.824717677089144274e+01 2.756783363201701320e+01 2.553071807228020162e+01 2.258951718153141996e+01 1.914376687186920734e+01 1.576976821792992389e+01 1.267236178944730085e+01 1.001823039375625157e+01 7.813643986696493293e+00 5.983394225745153783e+00 4.309976833849820110e+00 2.852341305702077445e+00 1.475449819944675722e+00 2.821889684736433868e-01 -7.522244773503000692e-01 -1.622088551098935794e+00 -2.207834469775274311e+00 -2.520526176335662338e+00 -2.586061840072180651e+00 -2.550345642023260861e+00 -2.418106629731783030e+00 -2.296737180030989478e+00 -2.124106367438617582e+00 -1.994082663477565465e+00 -1.830120483662100339e+00 -1.791848848640674507e+00 -1.834314142200070608e+00 -1.962376689753103198e+00 -2.242807767911294992e+00 -2.437970129919092788e+00 -2.727571328689818664e+00 -2.862077909974249934e+00 -2.872392330127047089e+00 -2.638240592114400762e+00 -2.206344860400083707e+00 -1.545247944236291415e+00 -6.770157517550480231e-01 3.895315591070416805e-01 1.587348788287755941e+00 2.914239237143105843e+00 4.336610146546027167e+00 5.903737408040868218e+00 7.673768852853992684e+00 9.801632008953060193e+00 1.234320004503001300e+01 1.536615964218020558e+01 1.875201278392644255e+01 2.221350362465664574e+01 2.528764125044726541e+01
5.985646582683003203e+00 6.787300998601491386e+00 7.170493204838604306e+00 6.981835821566699352e+00 6.282225506280213700e+00 5.236833039443634874e+00 4.034509854607074786e+00 2.853602419772496290e+00 1.832762806849117521e+00 1.014939875036459993e+00 4.029744000871027798e-01 -6.109290976706163029e-02 -3.947967081169823644e-01 -6.800930286724506946e-01 -8.949280169880716729e-01 -1.064147337124994985e+00 -1.169159676353604294e+00 -1.184798395635701329e+00 -1.116810191726577806e+00 -9.760831434017431807e-01 -8.238275731246335054e-01 -6.636966048440036126e-01 -5.030389676910298480e-01 -3.904312150333831832e-01 -2.880764614291463355e-01 -2.079017178808892641e-01 -1.710777488051171413e-01 -1.544253357809990679e-01 -1.755515947033835789e-01 -2.452257190597764702e-01 -3.368326257137223556e-01 -5.018764306420535615e-01 -6.770685866042663870e-01 -8.638143055326868991e-01 -1.028547625296842405e+00 -1.141902676739262157e+00 -1.185122363749804730e+00 -1.146947552972269913e+00 -1.029156155832831709e+00 -8.571951625455881407e-01 -6.239961775810838329e-01 -3.805009723068741856e-01 -1.013380501726140193e-01 2.237249246086336907e-01 6.141254798478760213e-01 1.139144169682518193e+00 1.824920088816411434e+00 2.702453182507869922e+00 3.761245740081450517e+00 4.897633312345176293e+00 2.553705328000534180e+01 2.779581694754521237e+01 2.873445883840568982e+01 2.814598993075685129e+01 2.619459275733337478e+01 2.314733142120788401e+01 1.966779824389971765e+01 1.611793232476535565e+01 1.289529780827552230e+01 1.014255556576150674e+01 7.904208134410882991e+00 5.956840087099043224e+00 4.302204262399499157e+00 2.762637093508152564e+00 1.404189314841864933e+00 1.774615578191069964e-01 -9.086062504541243534e-01 -1.750994843905739229e+00 -2.307929046000799733e+00 -2.575092069752167312e+00 -2.691006933979414040e+00 -2.638640907118988466e+00 -2.546609785477261134e+00 -2.364258732527247719e+00 -2.185583829176430903e+00 -1.974410519150084697e+00 -1.882948606243571188e+00 -1.879015133057279296e+00 -1.938184686894953490e+00 -2.159603032139695067e+00 -2.303310145587083912e+00 -2.609506642484819228e+00 -2.806849451810990104e+00 -2.955759385436941944e+00 -2.891797957650491746e+00 -2.632421312808876035e+00 -2.172876258458199317e+00 -1.504760515373406049e+00 -6.017725090576383495e-01 4.645930357488569640e-01 1.689339058658119175e+00 3.022265498157826524e+00 4.468666195684856568e+00 6.029455748834744000e+00 7.827881538481268109e+00 9.951724369594799668e+00 1.250233551010076205e+01 1.552064738565250934e+01 1.891544450952849132e+01 2.241969085149470686e+01
4.950146451489528587e+00 6.085158993785526604e+00 6.981835821566699352e+00 7.461372574777284328e+00 7.299856112776992312e+00 6.613547280574309184e+00 5.519234275493957398e+00 4.222328503358922624e+00 2.944991136003526133e+00 1.827346308086982063e+00 9.452589670215175710e-01 2.786997044514775146e-01 -1.861335590276007590e-01 -5.430687623845177336e-01 -8.072055467847789600e-01 -1.017191054860081989e+00 -1.168632605298659533e+00 -1.233121416225211764e+00 -1.216475048490492039e+00 -1.116907126277565165e+00 -9.888709510031582495e-01 -8.286910663814940348e-01 -6.522536402430305635e-01 -5.015170996320176267e-01 -3.657951167784161961e-01 -2.532736051453570170e-01 -1.893775017521821258e-01 -1.487709963947652092e-01 -1.437048993725790758e-01 -1.892983091299610954e-01 -2.622997416661608239e-01 -4.153028659836708880e-01 -5.911116186330115374e-01 -7.821972211355530114e-01 -9.654588260598933047e-01 -1.105972837619155325e+00 -1.186127779906127389e+00 -1.197509574619552319e+00 -1.129943508875562275e+00 -9.974341664598544988e-01 -7.949350677737856419e-01 -5.812607012954419394e-01 -3.272175965183868884e-01 -4.467427213673081515e-02 2.640235298371928496e-01 6.577256706160701238e-01 1.161465452803095211e+00 1.830163185337578158e+00 2.705257399353753200e+00 3.761326500204291268e+00 2.284409171870150956e+01 2.613779131967413960e+01 2.858131061874514955e+01 2.967933470528981488e+01 2.921739882602411598e+01 2.717323363158529048e+01 2.409239552265612261e+01 2.038076682671969309e+01 1.665321419708124040e+01 1.324543052240310814e+01 1.040512061037933655e+01 7.988915037040452916e+00 5.988601557643493223e+00 4.203726079954948069e+00 2.648543010194139402e+00 1.228736112407098346e+00 -5.991174920808182980e-02 -1.163285326197472047e+00 -1.978669458170595696e+00 -2.482570365289443970e+00 -2.795813015382178524e+00 -2.858069020423770201e+00 -2.828395944727491784e+00 -2.641645447004719038e+00 -2.407872962207752821e+00 -2.142171535590177367e+00 -1.987276198570181007e+00 -1.921515691801489734e+00 -1.919835678615358754e+00 -2.087959657437749250e+00 -2.208347825344364246e+00 -2.532720047579239520e+00 -2.776450697142211599e+00 -3.029966861877859241e+00 -3.104445774884417641e+00 -2.995091506610010779e+00 -2.719591633372397510e+00 -2.241573498819098287e+00 -1.505990999710706824e+00 -5.854982802661430341e-01 5.258993768128894519e-01 1.769994031567092785e+00 3.139590910227696430e+00 4.577380488137315240e+00 6.173416761208994075e+00 7.997983270506551889e+00 1.012939295495336012e+01 1.270079386286042222e+01 1.575751403410005302e+01 1.924816769402563921e+01
3.802926953957332490e+00 5.042209137318161893e+00 6.282225506280213700e+00 7.299856112776992312e+00 7.847273627874105095e+00 7.735724310549860760e+00 7.027718885430241258e+00 5.838891883615605849e+00 4.422091189596778271e+00 3.010591293519542244e+00 1.787361056851934027e+00 8.131996430098803463e-01 1.170040989963123251e-01 -3.832589108158948044e-01 -7.357641602444296991e-01 -9.967389467020766336e-01 -1.185948415631566721e+00 -1.284758877307298652e+00 -1.303538550387414618e+00 -1.240348129658332077e+00 -1.140887257713045777e+00 -9.915556881373240872e-01 -8.169413769493978350e-01 -6.415624008854834415e-01 -4.763322086085554630e-01 -3.334178298958148656e-01 -2.333281682881228059e-01 -1.560340491997670442e-01 -1.129220548778647470e-01 -1.238638408122647860e-01 -1.742611343184016781e-01 -3.085849880730976991e-01 -4.852095731087522346e-01 -6.754051254279430649e-01 -8.764245295541859271e-01 -1.039264377518981819e+00 -1.154706564224573739e+00 -1.215231136116630806e+00 -1.202647152009225007e+00 -1.119300451298991916e+00 -9.614376502266623881e-01 -7.809124296738988447e-01 -5.464811680519019443e-01 -2.837406097755914014e-01 -1.369815700523519322e-02 3.029257043846581565e-01 6.765449390826719922e-01 1.163975109239949068e+00 1.828127403529036465e+00 2.699582278462157259e+00 1.969439824648101478e+01 2.347596814723891256e+01 2.701127393329789328e+01 2.968692169130275005e+01 3.098357580034623382e+01 3.051392583191304197e+01 2.848338930214111286e+01 2.516381945329934666e+01 2.123995108142120714e+01 1.724031863607207882e+01 1.366955849468039119e+01 1.057413246826356001e+01 8.019986478720314338e+00 5.838997235046329948e+00 3.992021952896295023e+00 2.353734763571774025e+00 8.714227343398797121e-01 -4.689121886129004046e-01 -1.518072816456505825e+00 -2.261301685039552201e+00 -2.789925861596091572e+00 -3.018104493304017311e+00 -3.096581036222531225e+00 -2.959183864935171382e+00 -2.696356462511956931e+00 -2.379512914339692031e+00 -2.136351480737864073e+00 -1.968906916648008654e+00 -1.872355461532879906e+00 -1.945395437002044758e+00 -2.011700719642689261e+00 -2.330462530946950661e+00 -2.617927586367912784e+00 -2.963075320077583896e+00 -3.165974337118334869e+00 -3.216693281263653059e+00 -3.117006403175420992e+00 -2.844501421090019910e+00 -2.284734377669918715e+00 -1.534388817462638333e+00 -5.660902311449060864e-01 5.691455253904095235e-01 1.869029322593035891e+00 3.232139079455207398e+00 4.717029779606360052e+00 6.353823688326495578e+00 8.171097957823686642e+00 1.032862688538178908e+01 1.293956362111081226e+01 1.610541492910301997e+01
2.731672052623245417e+00 3.888768608614347144e+00 5.236833039443634874e+00 6.613547280574309184e+00 7.735724310549860760e+00 8.383946918464257436e+00 8.292116916226301981e+00 7.510034668664632207e+00 6.193613693902269013e+00 4.607295165475227883e+00 3.039604574816940019e+00 1.672950361927874052e+00 6.283158918253765046e-01 -1.257966899613363887e-01 -6.374537602612329046e-01 -9.835865975332087618e-01 -1.215295872792942600e+00 -1.336153357003416087e+00 -1.377209172299523665e+00 -1.343421530873531111e+00 -1.277622067106051640e+00 -1.149784456069214311e+00 -9.871897721322944186e-01 -7.925753522797613915e-01 -5.987857115996951807e-01 -4.245795772317614847e-01 -2.865969065749811029e-01 -1.717577614027411825e-01 -9.192550939637667007e-02 -7.418750558514913829e-02 -1.112627149983830555e-01 -2.294686642718149483e-01 -4.004978199068891520e-01 -5.770390567079189958e-01 -7.799081070816444861e-01 -9.504912856074072547e-01 -1.096452491830963716e+00 -1.201358659858984490e+00 -1.249169237373733088e+00 -1.223852667215128198e+00 -1.124403177284755362e+00 -9.861911974542073578e-01 -7.803636553677228971e-01 -5.332333583400921118e-01 -2.822225690843181978e-01 -3.308588115513732154e-03 2.973935724430902261e-01 6.601167952979791753e-01 1.148891320435975638e+00 1.815796055342280280e+00 1.655871215857278855e+01 2.034585736696942604e+01 2.442921098964075100e+01 2.826655687278007889e+01 3.121830319781109253e+01 3.262115683527109411e+01 3.225039263434479864e+01 3.002540820540219713e+01 2.648456676093511319e+01 2.221396552416312886e+01 1.795308846560071814e+01 1.402211169620408349e+01 1.068100773557837790e+01 7.881031414470237806e+00 5.587386411618094684e+00 3.647048131094940526e+00 1.952423747793240238e+00 4.030555202295820760e-01 -8.567794211886233802e-01 -1.840021604548996104e+00 -2.601693569629264235e+00 -3.031656468997151688e+00 -3.261019970117837730e+00 -3.210135900515818097e+00 -2.956180091563958001e+00 -2.612973176743630166e+00 -2.299832165307512000e+00 -2.039985197983052334e+00 -1.859255479576129355e+00 -1.845540202503200389e+00 -1.879004075844678212e+00 -2.194242425475221303e+00 -2.503736172681001459e+00 -2.903554622965144105e+00 -3.194714791474297488e+00 -3.372616652225663536e+00 -3.423247168127616646e+00 -3.350922703352649190e+00 -2.979334515705133857e+00 -2.421085756740471773e+00 -1.628472376978361336e+00 -6.397256381985432228e-01 5.649518475690046282e-01 1.856134179969917586e+00 3.277351159951390258e+00 4.810414846634579966e+00 6.449304947512991326e+00 8.316748954723506060e+00 1.053195919875816777e+01 1.327249875857428130e+01
1.820367303279154969e+00 2.781604802258808018e+00 4.034509854607074786e+00 5.519234275493957398e+00 7.027718885430241258e+00 8.292116916226301981e+00 9.022220821870257979e+00 8.904085236391821923e+00 8.021122869106894981e+00 6.525904715197744288e+00 4.743456496758819085e+00 2.979546764576023854e+00 1.486289992815574834e+00 3.449372672977933929e-01 -4.416814736835477651e-01 -9.501057470627086721e-01 -1.252452139813429621e+00 -1.395554136024883540e+00 -1.437008651481382460e+00 -1.421365595788316005e+00 -1.378493271401564746e+00 -1.283263662742886169e+00 -1.148611114281300694e+00 -9.611941656214497698e-01 -7.549062077782391356e-01 -5.565152392320698027e-01 -3.786228861087229114e-01 -2.230454690569028398e-01 -1.024786434508625776e-01 -5.060632165863027804e-02 -6.597216312450229769e-02 -1.590209911501124507e-01 -3.160770394767870028e-01 -4.723427084061300740e-01 -6.687062117146509443e-01 -8.429783561095195443e-01 -1.012822354930374313e+00 -1.155697918010608838e+00 -1.258928879828150826e+00 -1.292398082739009579e+00 -1.255865786516126015e+00 -1.170822531135428113e+00 -1.007257072187731195e+00 -7.865973135347675838e-01 -5.531269315350905158e-01 -2.941134500933407780e-01 -2.809540689023113519e-02 2.627235782297382971e-01 6.283676254569505737e-01 1.119819033141362219e+00 1.363334206045283103e+01 1.708845345758033218e+01 2.120262827654341464e+01 2.561500992920446507e+01 2.978078213247968975e+01 3.296474930234783329e+01 3.459007552628148829e+01 3.413566506071684614e+01 3.174857177475299252e+01 2.785045822791022729e+01 2.324722921442476320e+01 1.852825352394357594e+01 1.423876748768726230e+01 1.056130874496401439e+01 7.571630069195513180e+00 5.162569046153492991e+00 3.170181157257304871e+00 1.416966301048951937e+00 -1.709268806252289483e-02 -1.204907704952835834e+00 -2.194000489264831710e+00 -2.856007366908112299e+00 -3.310537198225734556e+00 -3.412572338542677830e+00 -3.245737268284048849e+00 -2.927368460636682990e+00 -2.557757318305408756e+00 -2.201022415128675469e+00 -1.927435856950973303e+00 -1.804639066191018992e+00 -1.795723504474260324e+00 -2.069855166032309679e+00 -2.383155113271302028e+00 -2.811651157763630060e+00 -3.162976295690212325e+00 -3.438771283952810176e+00 -3.615435244444129115e+00 -3.723073806338143221e+00 -3.531248179172002288e+00 -3.169407808440183327e+00 -2.579096291110070549e+00 -1.781157260557183930e+00 -7.206778764337433696e-01 4.639095481239804974e-01 1.809432863813586811e+00 3.269949174325795127e+00 4.815056520680620622e+00 6.506992681020204117e+00 8.442362502363394583e+00 1.078140395856410194e+01
1.095160453880774876e+00 1.822248911019128670e+00 2.853602419772496290e+00 4.222328503358922624e+00 5.838891883615605849e+00 7.510034668664632207e+00 8.904085236391821923e+00 9.677823814350052345e+00 9.513673744704519208e+00 8.482937178156415570e+00 6.787347037523019821e+00 4.777781879249439534e+00 2.838072553127519271e+00 1.206409411860875913e+00 7.120990129799460028e-03 -7.837617170481330220e-01 -1.237132109624993648e+00 -1.435621459903646313e+00 -1.482715227581682615e+00 -1.475804879623438870e+00 -1.451899031702241327e+00 -1.392607481592742058e+00 -1.295758410674657135e+00 -1.131417899169903096e+00 -9.279772707134771315e-01 -7.143574161673545975e-01 -5.054159887410845098e-01 -3.108153628586102779e-01 -1.504649079949866020e-01 -6.424121837748396346e-02 -5.597608363056040537e-02 -1.218795848730391262e-01 -2.611363678422198298e-01 -3.929930002948691659e-01 -5.750604964986025802e-01 -7.411102772790014726e-01 -9.235751938834616537e-01 -1.091396823615955469e+00 -1.237385071478556142e+00 -1.321046434302080241e+00 -1.346629762633795968e+00 -1.318174080773261814e+00 -1.210920019872065545e+00 -1.030804790460415399e+00 -8.239304935633506854e-01 -5.815206685959952715e-01 -3.314798350717576003e-01 -7.214314069945426677e-02 2.219842190324264608e-01 5.881282314049052218e-01 1.099142127272022407e+01 1.397053583056773363e+01 1.773019656691494461e+01 2.214487626025385225e+01 2.688524871747513245e+01 3.137084910055223830e+01 3.488957527825380112e+01 3.657555302121891572e+01 3.608489435580440130e+01 3.341987532966208363e+01 2.919712138516562305e+01 2.409567920778603778e+01 1.893813078605622024e+01 1.424042193730487327e+01 1.030673100205236281e+01 7.187707276175848925e+00 4.727005965972304047e+00 2.702812382515007883e+00 1.072700855750216231e+00 -3.096631169711124287e-01 -1.523544690998543727e+00 -2.436104015262920974e+00 -3.163383849535155612e+00 -3.486077493375158376e+00 -3.480426954439145515e+00 -3.259331209576628474e+00 -2.892627719616343018e+00 -2.481740668285128848e+00 -2.134517798864473903e+00 -1.917882422404273646e+00 -1.861777457924447265e+00 -2.085554871351710915e+00 -2.375491953024824188e+00 -2.805264187459024505e+00 -3.170872675650451722e+00 -3.504260091038583713e+00 -3.763672307169616538e+00 -4.008189630004893367e+00 -3.980559684763937067e+00 -3.805311961818417466e+00 -3.425945308690555358e+00 -2.844242885681054656e+00 -1.965070107059389226e+00 -9.265312574950438362e-01 3.148093949889952392e-01 1.692902823179938565e+00 3.180536239412511179e+00 4.775735176720828257e+00 6.534207205638993265e+00 8.564809617326183400e+00
5.536705324391573146e-01 1.067351041971765779e+00 1.832762806849117521e+00 2.944991136003526133e+00 4.422091189596778271e+00 6.193613693902269013e+00 8.021122869106894981e+00 9.513673744704519208e+00 1.032108024868606755e+01 1.007467858203319189e+01 8.884148447255487469e+00 6.969582872076110824e+00 4.751224280676499490e+00 2.623725264366363330e+00 8.864287686689044099e-01 -3.594836653055639153e-01 -1.111037484065127368e+00 -1.462760739860347714e+00 -1.556941572928276729e+00 -1.559734315053299403e+00 -1.534841662616105662e+00 -1.489841731634671262e+00 -1.415774511820191428e+00 -1.276520566530505496e+00 -1.085786203109253112e+00 -8.709012518495367061e-01 -6.493392544466342065e-01 -4.327150035844958276e-01 -2.447544047357838315e-01 -1.306307529639118004e-01 -9.680946319141414680e-02 -1.318515672473121458e-01 -2.436654898011565706e-01 -3.486509507022463872e-01 -5.058954478221797668e-01 -6.559400511907835796e-01 -8.337267450984732209e-01 -1.010681799967644512e+00 -1.185627696183429780e+00 -1.308980503625292169e+00 -1.387573012133719974e+00 -1.410323585120417667e+00 -1.357853467388380198e+00 -1.223628305953763151e+00 -1.052760930213161750e+00 -8.350945604323505300e-01 -6.005373220204407447e-01 -3.584591805425446087e-01 -1.005184514695896675e-01 1.894243271814332330e-01 8.682358040285395262e+00 1.117704191432794936e+01 1.439298493571369519e+01 1.838281055319475499e+01 2.306678528899360714e+01 2.815277873456130564e+01 3.303598109767877844e+01 3.675624149206076652e+01 3.856544076830988388e+01 3.795431178127657290e+01 3.507290668689245905e+01 3.039431373680961457e+01 2.482323578159718735e+01 1.917999056424877935e+01 1.409239355524016268e+01 9.933317148983709544e+00 6.686372410348698558e+00 4.186084230734536504e+00 2.257692581772412499e+00 6.864536143710923133e-01 -7.193496286313179056e-01 -1.849706817069326492e+00 -2.830309591985487927e+00 -3.373437760696663901e+00 -3.583257006906666930e+00 -3.526259256215988902e+00 -3.230699882290927860e+00 -2.834776708122410671e+00 -2.472758119603850169e+00 -2.216176449503763468e+00 -2.118234271668788526e+00 -2.265032901652555442e+00 -2.511953493099934764e+00 -2.903056704933748566e+00 -3.240050642545497350e+00 -3.573358386500522510e+00 -3.864298997913290012e+00 -4.192493212553303650e+00 -4.296328053100625155e+00 -4.287016916738635608e+00 -4.097598254036916465e+00 -3.725760029136473861e+00 -3.037592943480253993e+00 -2.167500993285747857e+00 -1.069682302706723709e+00 2.001206278570454578e-01 1.611713160834705505e+00 3.130874712695260520e+00 4.783345289002769007e+00 6.604788924559014340e+00
1.330439413528175518e-01 4.875138596257713175e-01 1.014939875036459993e+00 1.827346308086982063e+00 3.010591293519542244e+00 4.607295165475227883e+00 6.525904715197744288e+00 8.482937178156415570e+00 1.007467858203319189e+01 1.090184434181614748e+01 1.057617947817677440e+01 9.219333250678126035e+00 7.093173941707023644e+00 4.649789489279296362e+00 2.361138825466047919e+00 5.180826595500825915e-01 -7.191175767699022892e-01 -1.381135382884106200e+00 -1.625123473997730938e+00 -1.673947038685268174e+00 -1.638730709927014084e+00 -1.581815326668801536e+00 -1.507297113894269236e+00 -1.385908306369453058e+00 -1.218538647820667897e+00 -1.017001665635097307e+00 -7.968651491756392202e-01 -5.761774251975411154e-01 -3.681602525100842738e-01 -2.307787305647962528e-01 -1.685296353976752093e-01 -1.685177611851235158e-01 -2.498516566860604360e-01 -3.302600235652171645e-01 -4.622657826154470406e-01 -5.930475483244956880e-01 -7.550189450840176786e-01 -9.250028097344452638e-01 -1.109593155858936031e+00 -1.253521054601538953e+00 -1.373492292592626507e+00 -1.440989400096779338e+00 -1.443095972801147653e+00 -1.362668936456527424e+00 -1.237746931730949296e+00 -1.058169802025163753e+00 -8.508236113131861789e-01 -6.275260424178081831e-01 -3.912443424978901407e-01 -1.422550226415707220e-01 6.535912827628166610e+00 8.649024455411320034e+00 1.131389120590335295e+01 1.468669117408630065e+01 1.886261151960230720e+01 2.384902215037056550e+01 2.931761781538970624e+01 3.448295994541311416e+01 3.847027853184630430e+01 4.036154612122080465e+01 3.973159942570447356e+01 3.653238033473403590e+01 3.142933073905482644e+01 2.533398494525422606e+01 1.918739813624904400e+01 1.376791710746332953e+01 9.389540899995189704e+00 6.095548648584661500e+00 3.654579442228834463e+00 1.813251323929600201e+00 2.284509790552592123e-01 -1.069576936395772337e+00 -2.257697417983223431e+00 -3.021564019279217472e+00 -3.471092888125248077e+00 -3.647465392874844170e+00 -3.499958993141806474e+00 -3.192492047970703517e+00 -2.857108618500067809e+00 -2.593762473991348738e+00 -2.468843683654218246e+00 -2.534809200623250547e+00 -2.720128495751090281e+00 -3.065045875270862474e+00 -3.350286158240954659e+00 -3.662858930479827801e+00 -3.952537520400309035e+00 -4.306445709564321156e+00 -4.500197539619390064e+00 -4.612157111852201119e+00 -4.591996160901491209e+00 -4.405491066571425307e+00 -3.922255737329587877e+00 -3.247811413053918184e+00 -2.334298971140935208e+00 -1.227440960579431861e+00 6.084315066159196733e-02 1.474322750782688152e+00 3.028082407071747806e+00 4.708263087525421220e+00
-2.045971393382684522e-01 5.018623162265246906e-02 4.029744000871027798e-01 9.452589670215175710e-01 1.787361056851934027e+00 3.039604574816940019e+00 4.743456496758819085e+00 6.787347037523019821e+00 8.884148447255487469e+00 1.057617947817677440e+01 1.143425472323075276e+01 1.102570340995334419e+01 9.493350367753430774e+00 7.134343085902703940e+00 4.479902871898664429e+00 2.013164432808447923e+00 1.228106449427995850e-01 -1.061855187677311241e+00 -1.638078402537763711e+00 -1.837323324386785472e+00 -1.825925200758849343e+00 -1.740394785728786253e+00 -1.629477936017106554e+00 -1.494066608112836203e+00 -1.333224634332628167e+00 -1.146523008746854533e+00 -9.407761111772784401e-01 -7.303677884193454650e-01 -5.169982209242638405e-01 -3.595699912915233387e-01 -2.632090945145699190e-01 -2.268614539503526206e-01 -2.701980374862431034e-01 -3.252045171223030273e-01 -4.268308838446563946e-01 -5.309534533453246219e-01 -6.659874107110086427e-01 -8.183027370024338332e-01 -9.946617762692925302e-01 -1.145735918452905455e+00 -1.291802795219083144e+00 -1.394239675599612038e+00 -1.443363474263805957e+00 -1.416916830894227042e+00 -1.342291147297656195e+00 -1.211896764807473215e+00 -1.048890675611405143e+00 -8.606155748887525103e-01 -6.508483099949579076e-01 -4.310574560467373417e-01 4.528573401903086548e+00 6.369370563143109010e+00 8.574580076966755726e+00 1.132215620216576824e+01 1.478076679287419104e+01 1.916162568053137250e+01 2.444240055888882424e+01 3.019429729928024386e+01 3.570656079250382930e+01 3.994957066212343477e+01 4.204081972064089001e+01 4.129510398869900456e+01 3.780146883513300793e+01 3.221201216852979599e+01 2.553361424296097226e+01 1.891123370377747648e+01 1.313142873887716533e+01 8.622680054310869480e+00 5.295867502015688899e+00 2.932710614646317548e+00 1.079514734007418708e+00 -3.754694794225344467e-01 -1.682688038499476457e+00 -2.593241805558818669e+00 -3.253823649706897303e+00 -3.663829458464769040e+00 -3.670698060326907264e+00 -3.502298716706957471e+00 -3.224047904515072283e+00 -2.985278139969830047e+00 -2.830787944639240106e+00 -2.803704792601684925e+00 -2.916804754589235049e+00 -3.200681441916773728e+00 -3.405658677845544879e+00 -3.679205787268952754e+00 -3.925931713231151310e+00 -4.261862118537127486e+00 -4.508628742865168348e+00 -4.704344961900737587e+00 -4.809595837082778047e+00 -4.776043036657368290e+00 -4.490043060028690469e+00 -4.021022563966222485e+00 -3.324075954291625834e+00 -2.424879797425834038e+00 -1.328970112492674271e+00 -8.200415152760118231e-02 1.333709635886917377e+00 2.882429066396555939e+00
-4.974073824630066976e-01 -3.006259909826086152e-01 -6.109290976706163029e-02 2.786997044514775146e-01 8.131996430098803463e-01 1.672950361927874052e+00 2.979546764576023854e+00 4.777781879249439534e+00 6.969582872076110824e+00 9.219333250678126035e+00 1.102570340995334419e+01 1.190932435381229837e+01 1.139162846929047923e+01 9.664558683660638749e+00 7.079362778707172232e+00 4.192966340493239130e+00 1.620119630575953540e+00 -2.730535802041463844e-01 -1.405036698972252918e+00 -1.930868477446070042e+00 -2.033758697734357135e+00 -1.931982641892765473e+00 -1.759959906177918976e+00 -1.575176746598474287e+00 -1.400286463911865287e+00 -1.229296995769792566e+00 -1.053096966073272522e+00 -8.845808491751416813e-01 -6.911285822662990297e-01 -5.340276438934573600e-01 -4.141482639513313635e-01 -3.361696531447162517e-01 -3.278778659464596790e-01 -3.398281046128174276e-01 -3.960614048361655315e-01 -4.648269279450179536e-01 -5.668193466289456195e-01 -6.951929679896982073e-01 -8.558328288619135860e-01 -1.002916382335721224e+00 -1.165221213245825949e+00 -1.289085743939136330e+00 -1.373124127399568906e+00 -1.396651171033576944e+00 -1.373175397085467431e+00 -1.300293944748525998e+00 -1.192776068617799501e+00 -1.053214195936599706e+00 -8.806780281319473991e-01 -6.907362853359712007e-01 2.566384158023719220e+00 4.194454693942224921e+00 6.045218794859169797e+00 8.259813440373452664e+00 1.099167643723066057e+01 1.454151982826878609e+01 1.909731615659425330e+01 2.460926352775393866e+01 3.071327678112847437e+01 3.659180599452286486e+01 4.120838680631914031e+01 4.341340408952050467e+01 4.257938993948859263e+01 3.874804942263877194e+01 3.259871811181629653e+01 2.536112835298994028e+01 1.827098672825662007e+01 1.225169313265543458e+01 7.607523799031391754e+00 4.350490457502608876e+00 2.026562634953772868e+00 3.882961392426385050e-01 -9.675823191852981342e-01 -1.952281828303607858e+00 -2.755900343764225546e+00 -3.400387471898410396e+00 -3.638601573903056163e+00 -3.712926709759446275e+00 -3.593044271990328387e+00 -3.440347705097017705e+00 -3.283667398243475422e+00 -3.163588474572981646e+00 -3.161165948601118547e+00 -3.336538968310998055e+00 -3.428956006493548703e+00 -3.626472147559955950e+00 -3.812038185291820813e+00 -4.107659153643058225e+00 -4.376952410730214460e+00 -4.623212385172124961e+00 -4.813585272832430206e+00 -4.890137448433090839e+00 -4.780083711217602449e+00 -4.517595168707861042e+00 -4.048088422130152964e+00 -3.388339047307196594e+00 -2.532579437001164280e+00 -1.512006525232659992e+00 -2.924157660422986860e-01 1.089404819123021007e+00
-7.324025026605913702e-01 -5.685203275390352529e-01 -3.947967081169823644e-01 -1.861335590276007590e-01 1.170040989963123251e-01 6.283158918253765046e-01 1.486289992815574834e+00 2.838072553127519271e+00 4.751224280676499490e+00 7.093173941707023644e+00 9.493350367753430774e+00 1.139162846929047923e+01 1.225746431511872636e+01 1.161769030922580548e+01 9.696053967792334305e+00 6.858978672896471451e+00 3.816641938077637963e+00 1.175893185873755131e+00 -7.003193666472877776e-01 -1.780124944212618576e+00 -2.177629585500948206e+00 -2.155265326650226410e+00 -1.943362412803618433e+00 -1.688831432847758052e+00 -1.465111558476615006e+00 -1.282840953023042907e+00 -1.124806954160822769e+00 -9.972584400808787164e-01 -8.315539487952785525e-01 -6.915865927143656222e-01 -5.607815919568686081e-01 -4.582052460755722256e-01 -4.061971285187352954e-01 -3.814129764185039684e-01 -3.925999204265883114e-01 -4.206422933203328163e-01 -4.828689919208745129e-01 -5.839535888524005625e-01 -7.179832341794160078e-01 -8.472316087930793493e-01 -1.006982133347914088e+00 -1.140610609016224242e+00 -1.245246071760832463e+00 -1.306906486159435277e+00 -1.328782021012587355e+00 -1.312484896236203680e+00 -1.262834661737871178e+00 -1.178067261816942546e+00 -1.050705054499046165e+00 -8.981204381522034375e-01 7.644498763178756429e-01 2.206143099053791801e+00 3.789839510801401357e+00 5.586994966754166292e+00 7.705746745178361223e+00 1.041641659234494632e+01 1.400319346080184602e+01 1.868114894262774328e+01 2.444811773142968292e+01 3.089254137065717032e+01 3.718841166706575763e+01 4.206976801311077452e+01 4.439567062964001565e+01 4.343446829551742638e+01 3.917641238984151641e+01 3.247486332160357847e+01 2.472036787207620634e+01 1.726351671600537685e+01 1.098986404886234070e+01 6.378772199688818034e+00 3.205294140027237670e+00 1.163231233999449055e+00 -2.810652428590436069e-01 -1.267917424053853992e+00 -2.121485056224006183e+00 -2.913287468138923142e+00 -3.336185463001690721e+00 -3.668050537188173976e+00 -3.751285130428282155e+00 -3.748943341892295944e+00 -3.634437533742455262e+00 -3.490725334357832388e+00 -3.420077474422992037e+00 -3.489148357708094839e+00 -3.475304813757255307e+00 -3.583414392785709168e+00 -3.681544232437744757e+00 -3.899465139459891816e+00 -4.145400495045506339e+00 -4.403631333799491898e+00 -4.632451227300110830e+00 -4.784198621975050969e+00 -4.818749803339437143e+00 -4.747828718755169319e+00 -4.493923940280182272e+00 -4.078236792800614907e+00 -3.473597239546906579e+00 -2.704285260293122661e+00 -1.717410930348405751e+00 -5.411020814903295673e-01
-9.490458237524674878e-01 -8.147373480369067833e-01 -6.800930286724506946e-01 -5.430687623845177336e-01 -3.832589108158948044e-01 -1.257966899613363887e-01 3.449372672977933929e-01 1.206409411860875913e+00 2.623725264366363330e+00 4.649789489279296362e+00 7.134343085902703940e+00 9.664558683660638749e+00 1.161769030922580548e+01 1.247825420151499642e+01 1.171775174055736279e+01 9.577825803188410703e+00 6.570346528906247485e+00 3.406472862987520500e+00 7.355370851753942896e-01 -1.115563279469050428e+00 -2.068626511842104332e+00 -2.329158044557801066e+00 -2.182627300826405659e+00 -1.877434037950280077e+00 -1.570357351796660472e+00 -1.334265457962544144e+00 -1.159279474139342847e+00 -1.062559145911118552e+00 -9.342586666900953851e-01 -8.334333896484338311e-01 -7.155321191927194180e-01 -6.011840347152147546e-01 -5.156645407605476850e-01 -4.529582032242276401e-01 -4.179053995469202976e-01 -4.058436816562013272e-01 -4.250690461918985030e-01 -4.968468980241902422e-01 -5.993673010733547857e-01 -7.005854788557820401e-01 -8.381249649375086541e-01 -9.603482263525907614e-01 -1.068198318385068513e+00 -1.154071966865645393e+00 -1.215447916839136111e+00 -1.255927250816422092e+00 -1.264663801837757395e+00 -1.242409917484720294e+00 -1.171432400734972346e+00 -1.073974672163647837e+00 -9.887543428636800247e-01 2.380404132145522433e-01 1.595034347092189941e+00 3.079532936197948878e+00 4.741676134376186624e+00 6.758681039484091713e+00 9.412472985533478109e+00 1.301714600754733198e+01 1.782459285631269097e+01 2.384508963151541039e+01 3.066657543928319996e+01 3.729538145080499589e+01 4.248564943894654533e+01 4.493949717920880715e+01 4.379906825802037673e+01 3.912639269380019869e+01 3.198400632634990259e+01 2.377772537342117332e+01 1.594928272591440965e+01 9.614809155288778442e+00 5.060604770131718055e+00 2.150971955842071015e+00 3.635753808241620200e-01 -6.836985533579635899e-01 -1.503321781299691073e+00 -2.307627953447623170e+00 -2.836992027777716530e+00 -3.390780256661042547e+00 -3.714540076658537693e+00 -3.909465496500627246e+00 -3.917965711983186328e+00 -3.804533433052973201e+00 -3.703650155243701114e+00 -3.664768827990061872e+00 -3.558589318067939100e+00 -3.573490175384709033e+00 -3.578242217414701276e+00 -3.702753724562293680e+00 -3.887294436460420055e+00 -4.117684386500220839e+00 -4.330462472372853533e+00 -4.513418834930566170e+00 -4.641227542092139835e+00 -4.731045104616929287e+00 -4.683743861134937347e+00 -4.514139158664554508e+00 -4.176672079310025154e+00 -3.684536045710788077e+00 -2.984416569346161285e+00 -2.074925413016265541e+00
-1.089759634506502151e+00 -9.923012242649256187e-01 -8.949280169880716729e-01 -8.072055467847789600e-01 -7.357641602444296991e-01 -6.374537602612329046e-01 -4.416814736835477651e-01 7.120990129799460028e-03 8.864287686689044099e-01 2.361138825466047919e+00 4.479902871898664429e+00 7.079362778707172232e+00 9.696053967792334305e+00 1.171775174055736279e+01 1.255819361575986193e+01 1.165233307839966059e+01 9.372971038657937015e+00 6.225871393622363748e+00 3.007508907198828130e+00 3.283260396291831085e-01 -1.415048730491727635e+00 -2.240485257669240671e+00 -2.370347946414344875e+00 -2.122733465597549607e+00 -1.747557897596550669e+00 -1.422502880874967790e+00 -1.182077824801206489e+00 -1.081023766914462447e+00 -9.847048496474131163e-01 -9.344032945866617146e-01 -8.532588563483721744e-01 -7.477982945081880217e-01 -6.519516835423700973e-01 -5.590917547184020009e-01 -4.790631296169405862e-01 -4.206903468759873865e-01 -3.905722572291231987e-01 -4.245158863496633073e-01 -4.810600349611690030e-01 -5.436507796588604391e-01 -6.447972266714084855e-01 -7.455351266417510336e-01 -8.500625757742306110e-01 -9.497240633830449363e-01 -1.045845235737299150e+00 -1.132397210519747954e+00 -1.189965373195996268e+00 -1.224984890323753017e+00 -1.210023521605936292e+00 -1.168009578150048133e+00 -2.446015035107078628e+00 -1.475986063426784067e+00 -3.686130903800603487e-01 8.288852300487304925e-01 2.128364932046221902e+00 3.626111613032862557e+00 5.522524015439264744e+00 8.107486175244995152e+00 1.171876939860730005e+01 1.664955625818512175e+01 2.290412311883879326e+01 2.999888473654351273e+01 3.700114174383320886e+01 4.248887576021697043e+01 4.500387000397275017e+01 4.369846043112565326e+01 3.878448529872288475e+01 3.121564120257186659e+01 2.258932520110700892e+01 1.459593880926222909e+01 8.232562212989273931e+00 3.870160818595394847e+00 1.247880969115464200e+00 -1.237593089146955677e-01 -9.417561520846643441e-01 -1.641418717866961696e+00 -2.160658601452639882e+00 -2.853887649979810259e+00 -3.422373548702756008e+00 -3.833579073816209881e+00 -4.027499652956795906e+00 -4.020593824938472949e+00 -3.949958458470767653e+00 -3.841014073494205316e+00 -3.659891618722402651e+00 -3.577576242191545575e+00 -3.472131816864198584e+00 -3.480046728372331977e+00 -3.559109570834078085e+00 -3.717919085024842030e+00 -3.877902425355260974e+00 -4.057658777443764464e+00 -4.234955103354762329e+00 -4.447006086858412921e+00 -4.565751393628866950e+00 -4.611663324257051499e+00 -4.518060688070317354e+00 -4.294278069709225321e+00 -3.889496804736137570e+00 -3.274900646873875054e+00
