2.509777743823401508e+01 2.448720373095524394e+01 2.305560164359173925e+01 2.100298914039359133e+01 1.868652912584714798e+01 1.642933719707599494e+01 1.438787701416102216e+01 1.266200657704658283e+01 1.121010921567629204e+01 9.974526763187137490e+00 8.888529291906728247e+00 7.926968254179235451e+00 7.040372086145287867e+00 6.287001475583370969e+00 5.638828413254901584e+00 5.121823633364772199e+00 4.720530603314935014e+00 4.404976838701762709e+00 4.177541995729167290e+00 3.977404232327911515e+00 3.835327459271778316e+00 3.689503800289591240e+00 3.566353177770262839e+00 3.466438684709751694e+00 3.400389786819395077e+00 3.416269273043745169e+00 3.448350532098652721e+00 3.549873391798580524e+00 3.663118201672912022e+00 3.784778272302204982e+00 3.928897562175794889e+00 4.068049131539599905e+00 4.255779274866176465e+00 4.486659067470681883e+00 4.829802077127881788e+00 5.288215169782193747e+00 5.872487270386103297e+00 6.534973461761333091e+00 7.271730313372282595e+00 8.103791812100254788e+00 9.020841623835167411e+00 1.007483768595069584e+01 1.130479914747949088e+01 1.273548579116269686e+01 1.449181402912902428e+01 1.653081643124888700e+01 1.885106276008103166e+01 2.118812648585177172e+01 2.321294867997361777e+01 2.461281720447434296e+01 1.124503109577415074e+02 1.109221184196513548e+02 1.071490518107825238e+02 1.015757265818903079e+02 9.500347897126837893e+01 8.821301230697889650e+01 8.144803390413834165e+01 7.502558907027174939e+01 6.912061001672924476e+01 6.360283263278033417e+01 5.839557466328779611e+01 5.353824423591375137e+01 4.899633528559572682e+01 4.490670193242525698e+01 4.117247546282421666e+01 3.789911294830484678e+01 3.510845213407067433e+01 3.277896834524319303e+01 3.076901869480856178e+01 2.919279264318874567e+01 2.785705180289117067e+01 2.678191214300528600e+01 2.594543627022245147e+01 2.534276304522746770e+01 2.497372292681436790e+01 2.488118234461447642e+01 2.511601120847811330e+01 2.564555408152006066e+01 2.640548654997846612e+01 2.738975340573330186e+01 2.861367783664586639e+01 2.999521381286830035e+01 3.164821276629287539e+01 3.364801542581499660e+01 3.606059403110667461e+01 3.891057353879035929e+01 4.228602253532233135e+01 4.595472306135265228e+01 5.010272058303810638e+01 5.454644240443141712e+01 5.931118036822627460e+01 6.441877125473838817e+01 6.988550153357375905e+01 7.578013849265363433e+01 8.219182903147247998e+01 8.891881850692521994e+01 9.588355615403234822e+01 1.024135229995726775e+02 1.077619866616703348e+02 1.113066833778218552e+02
2.448720373095524394e+01 2.499300005693851645e+01 2.447598319449025084e+01 2.304948999100338014e+01 2.099025906007044995e+01 1.867819383762341090e+01 1.640191721376545786e+01 1.438254218103356408e+01 1.265132509240313219e+01 1.118851269089660150e+01 9.921025072775409015e+00 8.817153173042147074e+00 7.810423944149354369e+00 6.946651345472896644e+00 6.192437780277656678e+00 5.575988723879831355e+00 5.080193071506256430e+00 4.681992264033520534e+00 4.373123524237445992e+00 4.105315707165214434e+00 3.899778349351320283e+00 3.705358982361677711e+00 3.547372502373060232e+00 3.422932916946598958e+00 3.328422961584440731e+00 3.323376314930428510e+00 3.327963332660007989e+00 3.402836617035562394e+00 3.489412123816490574e+00 3.583054671979956751e+00 3.691201681976179927e+00 3.781863796107101550e+00 3.910133835350805054e+00 4.070940707103262390e+00 4.328341674236523495e+00 4.685752777744784048e+00 5.165021480426672085e+00 5.727201440000866839e+00 6.372775457895309081e+00 7.113929318725718431e+00 7.938606521000583172e+00 8.874674564810105082e+00 9.949270045102874604e+00 1.116857459151163390e+01 1.265630001548105632e+01 1.440464626097070600e+01 1.649708642560149841e+01 1.878199436776490217e+01 2.105986435235051957e+01 2.308899031690871340e+01 1.107431232606604823e+02 1.119293197276726346e+02 1.106214047981073918e+02 1.068904278129209757e+02 1.013930298238728653e+02 9.497381621526851347e+01 8.808367209985432567e+01 8.130938505196350263e+01 7.496956807166110082e+01 6.902708442487951856e+01 6.341930931750655986e+01 5.818396146216310427e+01 5.325642469840934012e+01 4.875160651712435111e+01 4.459723667050469942e+01 4.089320676756798889e+01 3.766737953120426852e+01 3.489901406573699916e+01 3.246729593873067188e+01 3.048553390573270150e+01 2.877894601128866370e+01 2.737987367384626580e+01 2.623876782249117312e+01 2.534886228206558201e+01 2.472970395786641262e+01 2.438114849480965418e+01 2.436022725671576339e+01 2.463416532018936067e+01 2.513094002125511395e+01 2.584746490536308627e+01 2.677784325772201157e+01 2.784744451180634073e+01 2.915300555128746396e+01 3.077233748918070688e+01 3.276233937606277635e+01 3.518674266022893704e+01 3.811058323847376528e+01 4.137222870920814444e+01 4.513779071544717425e+01 4.923697836474615741e+01 5.367601433423142510e+01 5.847238270763139667e+01 6.360150079484574093e+01 6.912768907376015193e+01 7.514536001877834792e+01 8.156083110579871231e+01 8.843850040905742560e+01 9.535036658425333655e+01 1.017627025305941970e+02 1.071468876658351519e+02
2.305560164359173925e+01 2.447598319449025084e+01 2.507550422538871970e+01 2.455554565708438375e+01 2.311589866750358979e+01 2.104776735495288875e+01 1.870687812763088331e+01 1.644301729095196052e+01 1.440095240594105519e+01 1.264955629547751315e+01 1.114727186477241894e+01 9.865456090200321881e+00 8.726774054572224770e+00 7.751643990039777776e+00 6.893552048789036490e+00 6.175271516821108975e+00 5.576792518848427527e+00 5.084470775182538205e+00 4.683628051471499631e+00 4.336645504587973043e+00 4.058035066480057296e+00 3.807210922889220139e+00 3.602855171667165735e+00 3.444976271732054673e+00 3.317323882063577312e+00 3.286843467729172907e+00 3.268035865817958907e+00 3.320238668580302477e+00 3.385087566497565259e+00 3.455436461604511678e+00 3.533623855362836963e+00 3.587405318485689332e+00 3.671232351946942529e+00 3.781930994332806772e+00 3.969017483786811962e+00 4.241620547726761004e+00 4.626746350634599381e+00 5.091326130935756034e+00 5.636347973426046210e+00 6.276806070918699909e+00 7.006529905786451629e+00 7.839042725560659619e+00 8.800725159406768583e+00 9.872993597970380009e+00 1.115680963425785066e+01 1.264565115398431061e+01 1.445217344121564018e+01 1.650680375794113530e+01 1.873457750750934636e+01 2.102566471976953721e+01 1.069707350366474969e+02 1.106303329855733324e+02 1.120197316093846496e+02 1.107347835192892518e+02 1.070623257430415123e+02 1.016836474020679333e+02 9.511649419266575478e+01 8.820523446775381160e+01 8.147360437980105985e+01 7.506076183118537415e+01 6.901188926247742472e+01 6.337780513948841588e+01 5.807583983042863451e+01 5.318433507004581884e+01 4.863850936733007302e+01 4.452075800638466063e+01 4.085041609311473820e+01 3.763526844478678157e+01 3.476702291957192159e+01 3.235748951536936602e+01 3.025518639712132085e+01 2.850726030849944337e+01 2.703496455061784332e+01 2.582706624004466889e+01 2.494157511744469957e+01 2.432752869885979408e+01 2.405318927032678999e+01 2.408460519547443468e+01 2.433152139069832742e+01 2.480174159821214275e+01 2.546412598239379577e+01 2.625568927234841965e+01 2.725437523198566225e+01 2.853968180679631672e+01 3.015211158635580446e+01 3.218517576869599139e+01 3.467738729674773168e+01 3.752593810929089813e+01 4.087418270276689469e+01 4.458727658627516632e+01 4.865597723806972397e+01 5.312929121117554843e+01 5.795795812661366853e+01 6.317159208134828674e+01 6.884844065020082837e+01 7.490458864825971830e+01 8.146777771956979564e+01 8.828983483301931301e+01 9.507746684477073984e+01 1.015327742053940767e+02
2.100298914039359133e+01 2.304948999100338014e+01 2.455554565708438375e+01 2.514492856286925004e+01 2.461250707546064120e+01 2.317056336913098846e+01 2.108328255453558953e+01 1.876348253629587859e+01 1.647418111558750908e+01 1.441940380092846219e+01 1.263476098876249942e+01 1.113247965438400655e+01 9.830938480411887781e+00 8.731081558433922751e+00 7.761517497111499075e+00 6.936020889283811997e+00 6.227385836718500656e+00 5.633679908653363988e+00 5.131253362951047947e+00 4.693273485314295002e+00 4.326374399174905960e+00 4.001193439857104295e+00 3.727643040612372172e+00 3.519238823085729440e+00 3.350641549609482794e+00 3.293755298175976787e+00 3.256569518547041575e+00 3.287072837193011132e+00 3.329014266933370436e+00 3.373120067534534972e+00 3.419986558544964694e+00 3.443086564909255909e+00 3.491629221471768130e+00 3.564918646433985927e+00 3.695661987112242919e+00 3.898290044338704075e+00 4.203188194972205416e+00 4.578030117916802588e+00 5.022854790141274783e+00 5.558126987902007876e+00 6.188545530498262615e+00 6.923968894697221543e+00 7.791048206898453898e+00 8.760776679859738181e+00 9.898110438781026588e+00 1.118317490923457491e+01 1.272029031977244529e+01 1.448351384777852680e+01 1.647662581411567118e+01 1.871898158347787700e+01 1.014537463825858765e+02 1.069674721860352520e+02 1.108000288018538555e+02 1.122044879577396301e+02 1.109873212711777342e+02 1.074366653065027748e+02 1.019156561511514099e+02 9.536410176196734767e+01 8.849621363657560380e+01 8.169864753972197491e+01 7.521708172087880939e+01 6.916878578534404198e+01 6.350165768248991327e+01 5.824538892094440712e+01 5.332762167650302843e+01 4.881602873065303783e+01 4.470197028335012135e+01 4.103526975071964955e+01 3.771308284839356872e+01 3.484670711109774999e+01 3.231721395538840369e+01 3.016805254042637685e+01 2.831738254561504320e+01 2.674268304158600884e+01 2.555853893135005706e+01 2.466473936008409140e+01 2.413059663114106357e+01 2.391282203355178737e+01 2.390177959406272024e+01 2.411480512776630292e+01 2.450774355615155642e+01 2.503611801298000827e+01 2.574929061638086125e+01 2.673564299650364973e+01 2.801361584705714591e+01 2.968762070150726373e+01 3.177715224280596473e+01 3.421632712287759404e+01 3.714001085897498200e+01 4.043828656982929459e+01 4.411464063130420499e+01 4.823501299861330693e+01 5.276331146335700595e+01 5.768768097904226266e+01 6.306358093222595329e+01 6.877780842517697124e+01 7.495422843610747066e+01 8.143939189218787078e+01 8.812549193255532032e+01 9.495512747944702880e+01
1.868652912584714798e+01 2.099025906007044995e+01 2.311589866750358979e+01 2.461250707546064120e+01 2.519234757447807027e+01 2.466820974865957083e+01 2.321604149383860971e+01 2.115862658909125571e+01 1.881637579889117973e+01 1.652606252341979243e+01 1.444772635621971446e+01 1.267669859275224553e+01 1.116025809355827647e+01 9.900725599728366078e+00 8.801047626495394738e+00 7.862645264432798875e+00 7.044888215593953618e+00 6.350131314712639252e+00 5.745499585520223107e+00 5.210665097984681360e+00 4.744979235692396102e+00 4.331568689888407597e+00 3.968943042477675487e+00 3.692155849003659451e+00 3.468667447187966157e+00 3.372366941751271163e+00 3.312109655749215786e+00 3.319949254575414788e+00 3.342986219218773591e+00 3.363096397030772788e+00 3.382651929460530393e+00 3.378831210958228137e+00 3.393635792102748905e+00 3.432864936047339555e+00 3.513467234264561423e+00 3.657323739486185943e+00 3.890089201956793641e+00 4.178152650896109321e+00 4.522311212833915128e+00 4.949498467999355000e+00 5.479182822444344403e+00 6.119309644400446224e+00 6.900167303929146456e+00 7.786840316159251429e+00 8.809907640226990466e+00 9.940485353068677199e+00 1.125464589484699296e+01 1.274500749600754546e+01 1.444247343735217548e+01 1.645566784450000242e+01 9.488597121964986059e+01 1.014831482020280333e+02 1.071485095836126789e+02 1.110124402730599655e+02 1.124962917716212161e+02 1.114136851790681106e+02 1.077447089125064821e+02 1.022825021232805938e+02 9.579697339192276218e+01 8.888894516955521397e+01 8.207389244022080277e+01 7.562605449283604742e+01 6.957635679375782445e+01 6.395265318252074138e+01 5.868193407054413058e+01 5.381247961433086147e+01 4.929157042355286222e+01 4.520832898337633310e+01 4.144977151765444034e+01 3.813154341810641768e+01 3.515127105445956346e+01 3.256553248617258589e+01 3.028610480139893113e+01 2.829703432404790675e+01 2.676903857623054961e+01 2.555759724377922737e+01 2.473884835523643133e+01 2.425939722263243681e+01 2.398904852044192637e+01 2.394638560385696735e+01 2.407715796661632623e+01 2.434113372627804139e+01 2.476969673396358118e+01 2.546196954736508644e+01 2.642161093770056723e+01 2.774025894271725079e+01 2.943965334668112277e+01 3.146032078169025326e+01 3.394778076982980508e+01 3.680043228472468542e+01 4.006039977117144701e+01 4.378738345888592676e+01 4.799306167317068628e+01 5.260450712592594869e+01 5.767486248231006840e+01 6.306344363376121009e+01 6.885167145124985666e+01 7.492138438583465643e+01 8.126751594879701202e+01 8.800494995396591946e+01
1.642933719707599494e+01 1.867819383762341090e+01 2.104776735495288875e+01 2.317056336913098846e+01 2.466820974865957083e+01 2.527481932880853677e+01 2.475850784271995764e+01 2.334382050582407686e+01 2.126736491027190112e+01 1.892996017219973481e+01 1.661885710425364948e+01 1.455914699036657645e+01 1.276952495393311260e+01 1.129366447959940167e+01 1.002189655352265163e+01 8.948438919455483642e+00 8.011869226981970016e+00 7.209916573783374361e+00 6.494720636781927681e+00 5.856054210025609663e+00 5.281096464407227131e+00 4.772028638782674470e+00 4.314648193366679152e+00 3.962968143098900331e+00 3.676693041661966532e+00 3.532449234520323333e+00 3.437723066455545595e+00 3.415089983367164628e+00 3.412048629795700450e+00 3.405200222746520122e+00 3.396929207927743111e+00 3.368262660880538828e+00 3.352741622764821017e+00 3.362098015969103404e+00 3.404314475378012350e+00 3.505660997926697942e+00 3.682085721650156795e+00 3.897507436983609796e+00 4.153735759110692705e+00 4.479910805784969696e+00 4.910645885658747822e+00 5.455372121232616500e+00 6.143600256510278079e+00 6.946341630879900642e+00 7.867752938306260546e+00 8.875917837867952187e+00 1.001769582624981325e+01 1.128942138521980709e+01 1.271434447956150926e+01 1.443719679688181401e+01 8.804424923609863640e+01 9.501851061234563645e+01 1.017381924132063489e+02 1.074503510854636659e+02 1.114124711693762180e+02 1.130548665602145917e+02 1.118894191543303833e+02 1.083150060684281613e+02 1.029301446131788254e+02 9.640439394505024495e+01 8.950380571054317613e+01 8.272437043537505019e+01 7.627203282296869702e+01 7.023970367723153174e+01 6.459629303166201453e+01 5.936830113262480069e+01 5.445786890781051426e+01 4.996654245337418843e+01 4.578149255662948036e+01 4.200347838681440749e+01 3.855990993882670637e+01 3.551997679700419042e+01 3.279405745048345722e+01 3.037865640172689652e+01 2.847390692398989032e+01 2.692086205337088600e+01 2.579125830175943079e+01 2.502478253647050721e+01 2.447692233971482167e+01 2.417175029070599379e+01 2.403353998684582749e+01 2.404458378242361860e+01 2.420050459600925308e+01 2.461951034570297026e+01 2.529704593183762640e+01 2.630286705418433613e+01 2.765768050017084789e+01 2.929557019303567955e+01 3.137087026789258459e+01 3.378392975060116044e+01 3.662279838866571424e+01 3.992689446581566415e+01 4.377629074977830470e+01 4.803713799855593436e+01 5.277185887206940151e+01 5.783077879882972638e+01 6.325505860984787176e+01 6.892008561063948946e+01 7.485928629174898674e+01 8.126081230954063983e+01
1.438787701416102216e+01 1.640191721376545786e+01 1.870687812763088331e+01 2.108328255453558953e+01 2.321604149383860971e+01 2.475850784271995764e+01 2.539106832052860341e+01 2.491792297816568791e+01 2.349516571352926420e+01 2.143215422826162353e+01 1.907879144527114335e+01 1.679150334759675545e+01 1.470049867062475180e+01 1.294409992390501785e+01 1.144152273537066478e+01 1.019536083709502883e+01 9.122621200496167759e+00 8.210201176749558627e+00 7.387043044266576430e+00 6.646532482705882039e+00 5.960427008692516182e+00 5.346831063415598884e+00 4.784824679479782183e+00 4.344349516820045665e+00 3.977187053293692820e+00 3.767235225182095526e+00 3.619384649717855673e+00 3.553159663455741857e+00 3.513950602932503831e+00 3.477305465794867434e+00 3.441980316222621461e+00 3.390043452233568289e+00 3.349618797109691570e+00 3.334647278746030175e+00 3.347528076710756029e+00 3.416436183245802116e+00 3.547797631964836551e+00 3.701528346340666076e+00 3.883695115749854487e+00 4.122516422553556659e+00 4.462956998397746844e+00 4.914230884842188729e+00 5.501848547630926234e+00 6.210239872261468008e+00 7.025709054656193331e+00 7.919402271266720028e+00 8.923398522783674736e+00 1.002748870357243227e+01 1.123724755294351496e+01 1.269107560388582812e+01 8.127956816788011452e+01 8.815848936459730112e+01 9.524594719170588064e+01 1.020387600137623565e+02 1.078788557111997477e+02 1.120288623162135195e+02 1.136460013164294764e+02 1.126171846375040104e+02 1.091479819889858902e+02 1.037376176415274358e+02 9.725331642550135314e+01 9.039162517815195486e+01 8.360310319880009899e+01 7.713494914238391686e+01 7.108369785094137683e+01 6.547636659275617887e+01 6.020051180967188031e+01 5.533834880181114357e+01 5.076141193646395067e+01 4.655595190538475237e+01 4.265747317333826061e+01 3.915250360134162122e+01 3.595640821088143468e+01 3.308076551972911972e+01 3.074403294420148924e+01 2.879672451832823654e+01 2.729859423112625905e+01 2.619648412954509809e+01 2.534660520692762731e+01 2.475778947120827667e+01 2.434525254521259541e+01 2.409704877556747959e+01 2.398603948955733500e+01 2.414170971102788954e+01 2.455684035777747098e+01 2.526704362328618458e+01 2.630818327060865514e+01 2.758365039456671752e+01 2.927633121115558623e+01 3.126680872141944789e+01 3.369749443963588220e+01 3.656065197735091488e+01 4.001299492962449733e+01 4.386459388940430415e+01 4.820556663902722505e+01 5.289640789896684936e+01 5.795552867227166161e+01 6.325377061841409443e+01 6.881557893404475124e+01 7.481969509682534181e+01
1.266200657704658283e+01 1.438254218103356408e+01 1.644301729095196052e+01 1.876348253629587859e+01 2.115862658909125571e+01 2.334382050582407686e+01 2.491792297816568791e+01 2.559022662733038800e+01 2.511473808579345501e+01 2.370806873755286048e+01 2.162980678512990096e+01 1.929712905188496919e+01 1.696467037543135703e+01 1.490454612601399553e+01 1.311581796424848889e+01 1.164242093284121182e+01 1.039805393132713895e+01 9.353667729326197389e+00 8.414056782500164644e+00 7.570585334627391916e+00 6.773618426194888187e+00 6.058789523267559929e+00 5.395440679169308140e+00 4.864318419273303995e+00 4.413101158597485529e+00 4.129108193205424548e+00 3.914704685780132642e+00 3.790055850884556765e+00 3.698800154300246223e+00 3.620037614036552220e+00 3.547839366581923670e+00 3.468067659246904189e+00 3.405068857789391945e+00 3.368762482861338281e+00 3.359236776328333729e+00 3.402400608583515673e+00 3.493961185202297148e+00 3.590818509732425667e+00 3.710474110673482873e+00 3.877948025124241305e+00 4.142091211004006013e+00 4.510020372625306528e+00 5.001766018762719312e+00 5.608915836436690228e+00 6.314444167044136691e+00 7.093099936920154391e+00 7.975445104822667552e+00 8.949394350565965439e+00 9.999217375404006347e+00 1.123992490591143856e+01 7.501833070011976190e+01 8.155547346891366089e+01 8.852807906044996855e+01 9.570671288240383490e+01 1.026433324231715574e+02 1.086733366835523071e+02 1.128331839281527351e+02 1.145944349858284568e+02 1.136771792682190494e+02 1.101790980323310691e+02 1.048239164651156585e+02 9.836986170986838829e+01 9.149088645482864024e+01 8.466324813202837163e+01 7.819269142320392518e+01 7.217968006778576751e+01 6.653538707006636344e+01 6.131154058691706865e+01 5.637068131015036698e+01 5.176861055663588473e+01 4.743934201976161091e+01 4.348520571504642618e+01 3.983439482143775479e+01 3.651055290003108666e+01 3.372475722484956151e+01 3.136441021478935554e+01 2.946512687975030076e+01 2.798022445439327655e+01 2.678826291751421351e+01 2.587863242008442199e+01 2.516934860155673093e+01 2.464883888137568846e+01 2.427106661102862262e+01 2.417278227277005698e+01 2.433901758279613148e+01 2.477207853634014967e+01 2.551503739489412936e+01 2.644725888265652713e+01 2.778066161148537461e+01 2.937357674421358311e+01 3.141162520693834992e+01 3.384982703912388757e+01 3.688705020776050247e+01 4.029845421144164419e+01 4.420426237799058811e+01 4.848683216257037998e+01 5.316408343385776902e+01 5.811537703257675958e+01 6.333483051320360602e+01 6.895123245806291834e+01
1.121010921567629204e+01 1.265132509240313219e+01 1.440095240594105519e+01 1.647418111558750908e+01 1.881637579889117973e+01 2.126736491027190112e+01 2.349516571352926420e+01 2.511473808579345501e+01 2.579912181965091378e+01 2.534995955373900145e+01 2.393408607776114039e+01 2.187325608522412068e+01 1.948662887851868675e+01 1.718000578341090190e+01 1.507556977697574574e+01 1.331207489870522132e+01 1.183952077178515871e+01 1.062297630425836736e+01 9.552617971235195071e+00 8.604848443303088956e+00 7.703162257921368550e+00 6.892688528830264616e+00 6.131536318468113755e+00 5.503256463005403276e+00 4.955339083987996496e+00 4.580560410177961117e+00 4.279003824131217826e+00 4.078362284295970142e+00 3.921322182493001129e+00 3.787190680709934920e+00 3.668547996620180829e+00 3.552997501112970191e+00 3.464695953299628872e+00 3.405162626633638112e+00 3.376448233541831545e+00 3.398195574834360855e+00 3.459935203661823611e+00 3.515134110408085100e+00 3.591645338361959539e+00 3.706846580894926468e+00 3.906868157968087285e+00 4.201166091507777978e+00 4.599455244282856015e+00 5.101610618169204692e+00 5.696443941198991112e+00 6.361185006717244406e+00 7.135623418465169010e+00 8.002121799957274462e+00 8.930337116282546006e+00 1.001052226371084153e+01 6.913043098389584884e+01 7.524177073113008873e+01 8.183543984318733067e+01 8.889207272694152095e+01 9.621502845498012846e+01 1.033352989657598897e+02 1.094254587670362326e+02 1.137481262996582103e+02 1.156426149588601930e+02 1.147117590417586541e+02 1.112956281030525929e+02 1.059672085210632986e+02 9.948892602292245613e+01 9.254446648612427850e+01 8.571954690145675215e+01 7.927075080475120217e+01 7.322962011201525456e+01 6.763582466247819980e+01 6.235260107145921893e+01 5.739132080177573414e+01 5.267004187855886954e+01 4.829654024660626277e+01 4.420706001624780157e+01 4.043677198951214535e+01 3.716936174303103257e+01 3.435346264731732902e+01 3.200217181204766348e+01 3.007868987596841492e+01 2.849628668629141615e+01 2.722006244835988298e+01 2.618270363394644562e+01 2.536169436582084202e+01 2.470316593481694056e+01 2.434856235041918637e+01 2.426673576168124669e+01 2.444747386117373367e+01 2.492138220066250653e+01 2.556190063379023769e+01 2.658628091934451021e+01 2.782860327910826825e+01 2.950893134843765608e+01 3.154418499039459434e+01 3.415324699186366786e+01 3.711298391868865565e+01 4.056268660331957676e+01 4.440710479999954430e+01 4.869135030359189642e+01 5.329566555549153151e+01 5.819292185338684931e+01 6.344818721402111095e+01
9.974526763187137490e+00 1.118851269089660150e+01 1.264955629547751315e+01 1.441940380092846219e+01 1.652606252341979243e+01 1.892996017219973481e+01 2.143215422826162353e+01 2.370806873755286048e+01 2.534995955373900145e+01 2.607352953124133421e+01 2.561854638212483692e+01 2.421117311301806296e+01 2.208265039422000697e+01 1.970940757243597474e+01 1.734725448000050108e+01 1.526914500497551863e+01 1.351276232897804697e+01 1.207522946024798571e+01 1.084390563713001221e+01 9.778067164515055865e+00 8.772567030125186349e+00 7.865404538515823774e+00 7.004104233564355297e+00 6.269690915474376958e+00 5.614983814119510974e+00 5.138641370509180462e+00 4.735647558104548516e+00 4.445266784365397683e+00 4.206988826012580063e+00 3.999460459829422554e+00 3.818644609246524269e+00 3.655807841441880868e+00 3.536917216745806947e+00 3.456863622865359531e+00 3.410634227061879464e+00 3.415054347778324839e+00 3.452137225434814383e+00 3.473752791771393511e+00 3.513519893133826955e+00 3.583776665456817501e+00 3.723920845527176837e+00 3.949636771241554989e+00 4.267015303732962117e+00 4.679013253977636566e+00 5.180915217572370501e+00 5.746526838842284768e+00 6.421533136009326626e+00 7.185931587506200202e+00 8.003448526377527017e+00 8.949457137919727856e+00 6.358214570550185840e+01 6.927730206422627646e+01 7.542973583599430754e+01 8.212975189937921527e+01 8.936199455013870363e+01 9.687400499143623733e+01 1.041061210644962074e+02 1.103652227534969938e+02 1.148411948140859806e+02 1.167355487867266248e+02 1.159147823310753864e+02 1.125073794676922319e+02 1.071511581747679998e+02 1.005836658347282508e+02 9.364249952128498933e+01 8.682734042298470456e+01 8.037814784526771916e+01 7.440019635718259394e+01 6.878048464952151164e+01 6.348866913683306024e+01 5.841170495718142064e+01 5.364341115730616139e+01 4.912315158140653892e+01 4.490167088793504746e+01 4.113388542853017071e+01 3.782583471311551193e+01 3.499193830358365176e+01 3.259173718258876562e+01 3.056698188624875812e+01 2.887558884743952703e+01 2.745846609979077257e+01 2.629823869252910029e+01 2.534536839346258219e+01 2.471967088213155606e+01 2.439054535589082917e+01 2.432450384876786131e+01 2.453519088263438874e+01 2.490605215209686207e+01 2.563517956838580503e+01 2.654624166801078644e+01 2.787901438390645836e+01 2.953698972959083946e+01 3.173101738867928745e+01 3.426708429763097996e+01 3.729580892025808225e+01 4.071091928452504760e+01 4.459998268672892863e+01 4.883775956706498533e+01 5.338978610837681771e+01 5.827238141582167685e+01
8.888529291906728247e+00 9.921025072775409015e+00 1.114727186477241894e+01 1.263476098876249942e+01 1.444772635621971446e+01 1.661885710425364948e+01 1.907879144527114335e+01 2.162980678512990096e+01 2.393408607776114039e+01 2.561854638212483692e+01 2.633240220720403002e+01 2.587528681070075010e+01 2.439217370310436905e+01 2.227766353523093557e+01 1.984961799740996113e+01 1.752342437526342067e+01 1.546752690723151957e+01 1.375600378970363913e+01 1.231622500148135124e+01 1.110233983704512006e+01 9.981165931904966371e+00 8.976670226864364110e+00 8.016893744644443487e+00 7.174079987640713085e+00 6.405773391855810850e+00 5.811528772755971239e+00 5.290910064239466415e+00 4.894608514446363579e+00 4.562403156908635182e+00 4.276141105532775377e+00 4.027909046199270371e+00 3.815198020003853774e+00 3.659862258710302907e+00 3.557692432698415175e+00 3.493439423819438172e+00 3.487730186920935616e+00 3.509567986546215934e+00 3.510198638185305420e+00 3.523317280825156050e+00 3.553783291622517826e+00 3.635950187218565333e+00 3.793873459892539657e+00 4.030836904652987052e+00 4.353185216143179659e+00 4.763373841301883793e+00 5.237329866743422713e+00 5.815532065732295308e+00 6.477074359209875176e+00 7.184866140263449275e+00 8.006467928147088742e+00 5.829612350797753351e+01 6.359119992376974295e+01 6.931508398531973114e+01 7.558137642580238946e+01 8.247600123901668212e+01 8.989177486090110847e+01 9.754378863463864491e+01 1.049343987354438070e+02 1.113419480795494536e+02 1.158140721186245514e+02 1.178344977579272381e+02 1.170024617170717391e+02 1.135820289076349212e+02 1.081425025267812146e+02 1.015990969871224223e+02 9.468673453168348431e+01 8.791757559612656792e+01 8.155929337427443215e+01 7.558914467482982502e+01 6.998135578008886171e+01 6.457881248339633373e+01 5.947064421877555418e+01 5.457133707957972746e+01 4.992896548891447139e+01 4.566810074469250225e+01 4.185656896768232826e+01 3.851122005548957361e+01 3.560300890808593266e+01 3.309980511008333082e+01 3.096488422291537645e+01 2.914732248058112418e+01 2.763053626301329402e+01 2.637144545126267303e+01 2.546947965335670006e+01 2.488686824384915752e+01 2.459342323734286850e+01 2.456066039843405946e+01 2.468598569008334565e+01 2.514553710282518395e+01 2.573876156293897566e+01 2.672508185074248743e+01 2.800893410975886511e+01 2.978030481037065513e+01 3.189064491963943837e+01 3.448836594041782888e+01 3.745682026165977163e+01 4.092565492449572417e+01 4.475332808200503365e+01 4.890817496308298473e+01 5.337726886802629878e+01
7.926968254179235451e+00 8.817153173042147074e+00 9.865456090200321881e+00 1.113247965438400655e+01 1.267669859275224553e+01 1.455914699036657645e+01 1.679150334759675545e+01 1.929712905188496919e+01 2.187325608522412068e+01 2.421117311301806296e+01 2.587528681070075010e+01 2.657214806527337814e+01 2.602840991786197833e+01 2.455811575777871880e+01 2.238196586636926000e+01 1.999310781509011292e+01 1.769588775620162480e+01 1.568670134336195332e+01 1.397839195748425922e+01 1.255544755661822087e+01 1.127677509201466499e+01 1.015322306264075891e+01 9.090313496224419865e+00 8.144329263488753412e+00 7.269342204949299280e+00 6.559446802937498155e+00 5.918479387463536412e+00 5.410417737476850064e+00 4.977608085143748085e+00 4.603011867463710161e+00 4.277669541713832402e+00 4.006391306808934516e+00 3.803639367878361988e+00 3.673800955583923500e+00 3.586590311430662315e+00 3.567319490851562414e+00 3.574079936559134474e+00 3.560618702501901822e+00 3.550774355210735145e+00 3.546792348679050466e+00 3.576385298927292400e+00 3.672419146236542531e+00 3.840038711667083771e+00 4.083729422507286877e+00 4.413536897640291556e+00 4.807992287315022040e+00 5.292884793114699171e+00 5.855604196196682487e+00 6.458670955740911879e+00 7.165946035131023351e+00 5.331289819997103763e+01 5.823355668517711337e+01 6.357788981377100157e+01 6.944304517431470458e+01 7.593835912665805665e+01 8.302209725403307061e+01 9.058869418497900483e+01 9.837491770864043872e+01 1.058938805378617047e+02 1.122805456203341521e+02 1.168626121592488261e+02 1.188346254903965047e+02 1.179779544412010068e+02 1.144573004556954743e+02 1.090196822965541088e+02 1.024965341196340063e+02 9.564584297130629409e+01 8.897201035862893548e+01 8.262025009813190479e+01 7.665380558430135238e+01 7.090277773341604473e+01 6.547355991073831660e+01 6.023077642184886571e+01 5.521042628599766289e+01 5.050209268444598365e+01 4.621369099370529199e+01 4.236371832287495209e+01 3.894537951394981690e+01 3.594782851214998942e+01 3.334232450545165705e+01 3.109295960456491414e+01 2.918553487592197371e+01 2.759876350905982534e+01 2.639235616226773473e+01 2.554164409074915909e+01 2.501193433153544277e+01 2.473879897643485393e+01 2.463948508444531527e+01 2.484258410723775512e+01 2.514021310964293221e+01 2.580311651379975402e+01 2.673546029154461579e+01 2.810954754141128475e+01 2.982125114130948873e+01 3.201100492134239062e+01 3.454765317956341164e+01 3.759767411365787382e+01 4.100445420637296934e+01 4.474273748132413431e+01 4.878900857352822129e+01
7.040372086145287867e+00 7.810423944149354369e+00 8.726774054572224770e+00 9.830938480411887781e+00 1.116025809355827647e+01 1.276952495393311260e+01 1.470049867062475180e+01 1.696467037543135703e+01 1.948662887851868675e+01 2.208265039422000697e+01 2.439217370310436905e+01 2.602840991786197833e+01 2.663835845167483285e+01 2.611173762801334775e+01 2.458070819033052246e+01 2.245691200478326621e+01 2.011400253073897559e+01 1.787437841895880908e+01 1.588084320235790159e+01 1.419337275838524626e+01 1.270025515539156302e+01 1.141071701262485938e+01 1.022150233568195077e+01 9.167897100400582033e+00 8.190950263477111193e+00 7.370884596340241401e+00 6.614950579152405474e+00 5.993218206398871040e+00 5.451984480340843930e+00 4.983565387550393133e+00 4.567234441928146538e+00 4.223448899280415780e+00 3.958935763560081256e+00 3.791577056258329748e+00 3.676950835640879767e+00 3.648064055881413026e+00 3.648462843583421211e+00 3.633026933131959346e+00 3.612711527037071768e+00 3.586255667407116210e+00 3.577962760154546284e+00 3.619653689833188359e+00 3.720634456214551022e+00 3.887322901746182779e+00 4.132798258400668168e+00 4.445503924800504159e+00 4.835394579116866431e+00 5.299871273870318866e+00 5.796378166178660862e+00 6.389068470798399346e+00 4.849703966639656016e+01 5.303577219196797188e+01 5.802116977560127253e+01 6.351481273594620092e+01 6.960701143550755887e+01 7.626214869466608093e+01 8.345684177626750966e+01 9.111225300472902688e+01 9.898544845237253753e+01 1.064593114860211074e+02 1.129389847339948574e+02 1.174602671122825086e+02 1.194097253455651071e+02 1.184629211885149402e+02 1.149544813598968602e+02 1.095674452557290408e+02 1.031472159037768535e+02 9.642518820109752653e+01 8.977451993563458643e+01 8.343952614778390853e+01 7.731688478714488610e+01 7.155308778219075805e+01 6.598939570096568730e+01 6.062410254425813605e+01 5.552738324427182448e+01 5.081634722179948938e+01 4.648688547161964379e+01 4.257710275289333879e+01 3.908595817491260505e+01 3.599665625464191976e+01 3.329006969498573199e+01 3.096277634520786748e+01 2.901655229564063987e+01 2.748423555083027381e+01 2.636132816874621554e+01 2.560301935520292460e+01 2.510695739467416487e+01 2.480877441638406111e+01 2.478517698190126239e+01 2.481975274054510905e+01 2.518959044332329356e+01 2.578539998598172645e+01 2.678008275774398328e+01 2.809623939744930965e+01 2.986789936241243382e+01 3.196625828655665558e+01 3.457166353027858463e+01 3.752064548459238580e+01 4.080623424145009182e+01 4.440104979946259789e+01
6.287001475583370969e+00 6.946651345472896644e+00 7.751643990039777776e+00 8.731081558433922751e+00 9.900725599728366078e+00 1.129366447959940167e+01 1.294409992390501785e+01 1.490454612601399553e+01 1.718000578341090190e+01 1.970940757243597474e+01 2.227766353523093557e+01 2.455811575777871880e+01 2.611173762801334775e+01 2.674665721935205198e+01 2.616224871198925683e+01 2.469284237557632622e+01 2.262681410533111048e+01 2.033919633588899600e+01 1.811495792004882333e+01 1.612304672847482934e+01 1.434734033113464768e+01 1.282410453047845955e+01 1.146785660110048788e+01 1.028543419417521498e+01 9.204365204557147351e+00 8.278931898238774068e+00 7.413645791888979097e+00 6.681859151834575350e+00 6.032943670186702967e+00 5.467575592715983035e+00 4.949718092091240251e+00 4.523969237987411240e+00 4.186925200252578527e+00 3.969324497378346805e+00 3.818485034488826813e+00 3.769396278819617141e+00 3.757353549593219100e+00 3.738721804872243482e+00 3.711611761793528697e+00 3.671887767425398241e+00 3.635265087607268519e+00 3.632839606380366071e+00 3.676785077894518139e+00 3.773424546539259961e+00 3.941276311231552754e+00 4.177191373203154257e+00 4.479932877204539921e+00 4.854450369974537161e+00 5.255290306290071989e+00 5.741775548261596640e+00 4.430874754745509847e+01 4.844838185670497666e+01 5.307940820348002831e+01 5.821949233699086790e+01 6.394818777146300448e+01 7.019271862083266456e+01 7.694043684452481102e+01 8.421120894352958430e+01 9.193573082449020717e+01 9.976866555277007365e+01 1.073275934310288022e+02 1.137536444541982092e+02 1.182559324391176148e+02 1.201309801559879702e+02 1.192000012722895121e+02 1.157645987736787134e+02 1.104943464211093698e+02 1.042083684179723804e+02 9.748401580667346877e+01 9.082121453982630044e+01 8.427686619932912038e+01 7.812413727692654675e+01 7.221442726309410887e+01 6.650608977431564028e+01 6.106159405258105011e+01 5.596403493755268954e+01 5.119444372422444900e+01 4.682155779527582951e+01 4.285155311885343110e+01 3.927372996487287082e+01 3.609075209729945755e+01 3.331083306464471860e+01 3.097489096714570067e+01 2.907778968433658662e+01 2.765271374825740125e+01 2.663804089370200856e+01 2.590828202308404471e+01 2.540243283013490228e+01 2.516104204293051438e+01 2.495638691094878325e+01 2.506078933384736729e+01 2.534746750351153111e+01 2.599374447090666962e+01 2.693752933634535296e+01 2.830484897998181637e+01 2.998404209000412735e+01 3.215723155491929930e+01 3.466417420796482673e+01 3.750591011439498601e+01 4.065196161069052749e+01
5.638828413254901584e+00 6.192437780277656678e+00 6.893552048789036490e+00 7.761517497111499075e+00 8.801047626495394738e+00 1.002189655352265163e+01 1.144152273537066478e+01 1.311581796424848889e+01 1.507556977697574574e+01 1.734725448000050108e+01 1.984961799740996113e+01 2.238196586636926000e+01 2.458070819033052246e+01 2.616224871198925683e+01 2.674868576391538966e+01 2.623826139993754936e+01 2.485024755455179246e+01 2.284701404024063720e+01 2.058741142526542944e+01 1.835435521014406746e+01 1.627574140968788896e+01 1.445711614152379632e+01 1.287205048785275352e+01 1.152047989224131008e+01 1.031530659867630995e+01 9.282979326631236816e+00 8.314459325393528388e+00 7.475383856233621671e+00 6.715225717684076834e+00 6.040994767693229406e+00 5.408088751114953574e+00 4.883719503185768751e+00 4.461732268893292996e+00 4.183256333269730121e+00 3.989948132133895431e+00 3.913095561882996343e+00 3.883265059520271567e+00 3.858413895186359799e+00 3.827657222832126394e+00 3.781900278329243914e+00 3.729431463159462279e+00 3.694596660981379177e+00 3.689904832151479575e+00 3.723439370574165519e+00 3.817438232644339013e+00 3.976811384228422508e+00 4.197200492525826832e+00 4.486703266697064763e+00 4.801704569672780032e+00 5.192803182584236232e+00 4.051514489803135888e+01 4.422566796093400399e+01 4.845601927949137888e+01 5.321669799711144577e+01 5.857304654113545439e+01 6.441245067237096578e+01 7.070699668560392581e+01 7.750844226715102536e+01 8.481224754609222316e+01 9.249707441565470845e+01 1.003904145220387960e+02 1.078947145569377852e+02 1.142917076362537330e+02 1.187383151909987618e+02 1.206478740128040386e+02 1.198382791419888491e+02 1.165608563274106899e+02 1.114674035949461341e+02 1.051896525173826973e+02 9.845373870034588037e+01 9.156829021890162323e+01 8.499920613090405652e+01 7.870243253350638213e+01 7.262646299312775966e+01 6.685388837745446722e+01 6.141430596185336555e+01 5.624639999675987667e+01 5.144929594891368652e+01 4.700902846536165214e+01 4.293506531393958880e+01 3.925605271747275538e+01 3.599586923680593742e+01 3.323699791809392678e+01 3.094988035540124471e+01 2.919815641202237444e+01 2.790487258828401806e+01 2.692865777167678942e+01 2.621480736657773747e+01 2.576683141982400826e+01 2.535344574468372159e+01 2.521967268399274786e+01 2.522386293051248884e+01 2.555005834477822901e+01 2.614531824721188968e+01 2.711842331416584173e+01 2.838611978315888962e+01 3.013344294149303337e+01 3.220331986487287423e+01 3.460745143667678292e+01 3.731181753219231467e+01
5.121823633364772199e+00 5.575988723879831355e+00 6.175271516821108975e+00 6.936020889283811997e+00 7.862645264432798875e+00 8.948438919455483642e+00 1.019536083709502883e+01 1.164242093284121182e+01 1.331207489870522132e+01 1.526914500497551863e+01 1.752342437526342067e+01 1.999310781509011292e+01 2.245691200478326621e+01 2.469284237557632622e+01 2.623826139993754936e+01 2.689578947215791516e+01 2.647170428765808126e+01 2.513027269173670319e+01 2.314569065841057949e+01 2.084824924786459022e+01 1.852354992502082709e+01 1.637818430404973569e+01 1.450010327105424679e+01 1.292095204180279389e+01 1.155486842536446090e+01 1.040161350382699901e+01 9.331978355811138215e+00 8.388749708486887613e+00 7.519666465918975362e+00 6.733109663981822202e+00 5.981900584587196867e+00 5.352388464353681208e+00 4.841408526714742422e+00 4.490995962467229319e+00 4.241848380675423691e+00 4.121057704881275541e+00 4.061519610698041127e+00 4.022298313300250783e+00 3.984194668191780142e+00 3.931007668561522284e+00 3.864122779291368825e+00 3.799892071600597721e+00 3.748994830384768662e+00 3.728100626716719823e+00 3.756808471832360219e+00 3.847845009587659959e+00 3.997684027095631532e+00 4.214994232420226083e+00 4.457072590222148634e+00 4.765577908347055747e+00 3.732885274488934613e+01 4.060586345700034627e+01 4.441256608938465433e+01 4.876431554975942362e+01 5.374083246699336769e+01 5.918653934238432868e+01 6.508031599361393660e+01 7.144519894303437013e+01 7.827592735644044808e+01 8.557139450565837535e+01 9.331065935543165324e+01 1.011681932017503556e+02 1.086584602818304148e+02 1.150223256017775384e+02 1.195148734488070517e+02 1.215665177952804186e+02 1.209053174812827933e+02 1.177846181169907567e+02 1.126505215051067950e+02 1.063096867851304523e+02 9.930471730815681042e+01 9.236375433786199096e+01 8.563383256709504110e+01 7.913759207692285713e+01 7.302356603549100100e+01 6.725312548342083119e+01 6.173376475744856151e+01 5.655926032832319805e+01 5.168311153215730513e+01 4.713594580633270681e+01 4.296645558767780670e+01 3.922235150979495444e+01 3.602528292766949392e+01 3.332114344565302844e+01 3.120820041108562037e+01 2.959668485227295776e+01 2.834436624371453206e+01 2.739582963812040717e+01 2.672941840566086213e+01 2.610595140945934389e+01 2.573776237057803584e+01 2.546868175380861743e+01 2.549127863080071776e+01 2.575838021940544564e+01 2.636990330668578864e+01 2.726443462379256388e+01 2.861660334926300564e+01 3.028492864409757246e+01 3.227950751373013105e+01 3.456397450402339189e+01
