2.758747916774113307e+01 2.703750941071333713e+01 2.546732689868220589e+01 2.330934377732882723e+01 2.084076817242398860e+01 1.842743466619887016e+01 1.624456435049290448e+01 1.433987154841247502e+01 1.271815785374157137e+01 1.135634988462057393e+01 1.018725667304084048e+01 9.177238808726121633e+00 8.275223308538910416e+00 7.444196031802795765e+00 6.673082846963090731e+00 6.027478847168785236e+00 5.450554250401006051e+00 4.932647220911705155e+00 4.517456551177875035e+00 4.149287415336270435e+00 3.850467697132113454e+00 3.639326174434140970e+00 3.532425373043732719e+00 3.484107317265771719e+00 3.458306821144635723e+00 3.465865557082178583e+00 3.525904398591370725e+00 3.601953069974874300e+00 3.708536900397094715e+00 3.848034295160810636e+00 4.006333952911981022e+00 4.241403093142264602e+00 4.526371672551764647e+00 4.858684913152367280e+00 5.279966167083138373e+00 5.781599866193079862e+00 6.397709362777788122e+00 7.146752552118618596e+00 7.996468362673982533e+00 8.952653257535937215e+00 1.000794914794343171e+01 1.113593530689478328e+01 1.244660274750618001e+01 1.400422962644212177e+01 1.584927829737461202e+01 1.807152951962469700e+01 2.053335119983327317e+01 2.304368624999137438e+01 2.533260906548325764e+01 2.692810681831601372e+01 1.233661230353241365e+02 1.221246802120698760e+02 1.182745155337445340e+02 1.124781907147837501e+02 1.055723395287310638e+02 9.827876853572655591e+01 9.098039136775304314e+01 8.393715791668046222e+01 7.740881049515307666e+01 7.124018117630767222e+01 6.548114732203985966e+01 6.016890069699059040e+01 5.517467653956422424e+01 5.057426741448730212e+01 4.628944665734398711e+01 4.238126059546200963e+01 3.888513015168977205e+01 3.576722831863796159e+01 3.313871059463224356e+01 3.082222605250046854e+01 2.901761275027737597e+01 2.752568340838686467e+01 2.649490933668839077e+01 2.574028456669799780e+01 2.536667537851022658e+01 2.530014932575629416e+01 2.545713235548583597e+01 2.593646399485669463e+01 2.668576290098931736e+01 2.766841097565611207e+01 2.900542420851212455e+01 3.068906504557597614e+01 3.269934245470355449e+01 3.511509137430626026e+01 3.788945322958537787e+01 4.115173806916997989e+01 4.488592007594576927e+01 4.907573293955692151e+01 5.373585512354146942e+01 5.879896498351816092e+01 6.412609160726174196e+01 6.983007314960843814e+01 7.596433081590255654e+01 8.245741705933332355e+01 8.942421398928972565e+01 9.687905638131324793e+01 1.043956358906740434e+02 1.116482779338951445e+02 1.177007133575432505e+02 1.218986236658716535e+02
2.703750941071333713e+01 2.764329325837590545e+01 2.702415390588987876e+01 2.553669077499014151e+01 2.335880280981651680e+01 2.090789587679709527e+01 1.849820333950113493e+01 1.628807208263993545e+01 1.438112356824967186e+01 1.278983051511870528e+01 1.144868521461119926e+01 1.030403032942081154e+01 9.283620984920181840e+00 8.338685400436606443e+00 7.460033694405058036e+00 6.709772306780608098e+00 6.035816035931395263e+00 5.424125515229383687e+00 4.924188169308925112e+00 4.486661153680508107e+00 4.124325521219946999e+00 3.857632415781687474e+00 3.696027231051262518e+00 3.600596154220760070e+00 3.530061516451466819e+00 3.497215162253622722e+00 3.517829720548070416e+00 3.552969913539476554e+00 3.611770860757166801e+00 3.706582560111270297e+00 3.813322410477888891e+00 3.998404846331141460e+00 4.221114423160141627e+00 4.487044966284172709e+00 4.824052594985284159e+00 5.230463540599644467e+00 5.737632293795433824e+00 6.379216232409652854e+00 7.118657012295056319e+00 7.971556717625658983e+00 8.928583159028864458e+00 9.938931561522309721e+00 1.110666986558840819e+01 1.246308184764953886e+01 1.403967599141134137e+01 1.596847309188893682e+01 1.818824686986992845e+01 2.064458058153613251e+01 2.319499253752285028e+01 2.543561794191820269e+01 1.221286339241391801e+02 1.236894272932628951e+02 1.224174975094556146e+02 1.185734792269659721e+02 1.128491284887896029e+02 1.059950013747861135e+02 9.862617047270121873e+01 9.123882930539819824e+01 8.427716237229437013e+01 7.768410823739945670e+01 7.154728623348162841e+01 6.586187270707027608e+01 6.047291028009807690e+01 5.547256044231192362e+01 5.074714535484120148e+01 4.638774784330684042e+01 4.241965058246292841e+01 3.885189091541163009e+01 3.579064105493022652e+01 3.306347910805505563e+01 3.086143033501840804e+01 2.901182587980819605e+01 2.763210353402809361e+01 2.653746115058736876e+01 2.584863044444728075e+01 2.547186403699728174e+01 2.532610004769825451e+01 2.549078096416800676e+01 2.591250182928549606e+01 2.656118832365416438e+01 2.755696832516998995e+01 2.887965196410947399e+01 3.051810585629460348e+01 3.254416283327358883e+01 3.489061268530568327e+01 3.771901701829479947e+01 4.099036600538066466e+01 4.472652853954696184e+01 4.896449944245166108e+01 5.364812981746270282e+01 5.864844249907982032e+01 6.404046817811396863e+01 6.986725571158598314e+01 7.600742030025867280e+01 8.259991496085287110e+01 8.974891981679861885e+01 9.718968477064498757e+01 1.048496527496595263e+02 1.120084739331704498e+02 1.181224753349848129e+02
2.546732689868220589e+01 2.702415390588987876e+01 2.757131101329055056e+01 2.705252890200878824e+01 2.555164230096168865e+01 2.338509640365538544e+01 2.094018835195711503e+01 1.849414399612946980e+01 1.629318098065141029e+01 1.442737314873268950e+01 1.287053505534942488e+01 1.156700115451335620e+01 1.042274099848595981e+01 9.367956563561847361e+00 8.391246611104660857e+00 7.535887256664135947e+00 6.761672561962661199e+00 6.048419468298243729e+00 5.449253310297130781e+00 4.926047183904398885e+00 4.481944588518950390e+00 4.141418177254022837e+00 3.910913279534536713e+00 3.759124454463353526e+00 3.639233347926526196e+00 3.562532419854158139e+00 3.541736301955921817e+00 3.540283465466038226e+00 3.556679457953184631e+00 3.613003865758986688e+00 3.677361355950958366e+00 3.816755298945004871e+00 3.981187639429570435e+00 4.186372027352533109e+00 4.447809927065498492e+00 4.768755611349426715e+00 5.174439993566893214e+00 5.708280054496411182e+00 6.332080615370866639e+00 7.069875024240227290e+00 7.920443577979414229e+00 8.822771949361962740e+00 9.876802130305392780e+00 1.108304836933558590e+01 1.244499407118329692e+01 1.409995587176734944e+01 1.601650024711817366e+01 1.822748584989571086e+01 2.071728852471300897e+01 2.321945712042157695e+01 1.180656310267665958e+02 1.221991985290648870e+02 1.237627746637861605e+02 1.225158405068514753e+02 1.187734754700037598e+02 1.130927535527923737e+02 1.061685540985326810e+02 9.872162548410089755e+01 9.143700935087480275e+01 8.445996153970023101e+01 7.796310628707783508e+01 7.194771013708876239e+01 6.621631038204679953e+01 6.087946536073553006e+01 5.577472877827250386e+01 5.100145058626348771e+01 4.657515332488078741e+01 4.255400287315963936e+01 3.902429424164753868e+01 3.584520686181233629e+01 3.320148891935573232e+01 3.094083277387832709e+01 2.917519716258134466e+01 2.771022389401753472e+01 2.668180789318586932e+01 2.597830550873692346e+01 2.551844767627130750e+01 2.536483826359254934e+01 2.546442559460847121e+01 2.579173404888161869e+01 2.645989614929533218e+01 2.743812385371530738e+01 2.871285106654888963e+01 3.035576686876800068e+01 3.228983476494352090e+01 3.468126029845961256e+01 3.748546288264638093e+01 4.074573012604447797e+01 4.451249375186869628e+01 4.875212750930679562e+01 5.335710121794627270e+01 5.838250836746102834e+01 6.387525842470225967e+01 6.967366399992711479e+01 7.588874425098661902e+01 8.264229863519881292e+01 8.976074766077000788e+01 9.732597338771050488e+01 1.048915648483028491e+02 1.121303310720946627e+02
2.330934377732882723e+01 2.553669077499014151e+01 2.705252890200878824e+01 2.770306709317959459e+01 2.716031515955296172e+01 2.564772560200598406e+01 2.346659544611198456e+01 2.095918801060718906e+01 1.851668736307490803e+01 1.634768171587752406e+01 1.451535257174208837e+01 1.299455370287943801e+01 1.168449468793041390e+01 1.050384586758598715e+01 9.427694518414911684e+00 8.471243588813534231e+00 7.599399685554144135e+00 6.780236248722614434e+00 6.068897530377941330e+00 5.439958948071494049e+00 4.895185617896345320e+00 4.464362000454609181e+00 4.152721705160812959e+00 3.938071702464419843e+00 3.770681592788417191e+00 3.655456139209846800e+00 3.598226352266208572e+00 3.566196282198073497e+00 3.549199456102303252e+00 3.575217910974073376e+00 3.612023068222602440e+00 3.714555222962280023e+00 3.832537143462597218e+00 3.982699969766434034e+00 4.177086849397965373e+00 4.419149146632606495e+00 4.736133166997059440e+00 5.167835764893574435e+00 5.682133843351539149e+00 6.308655693876747961e+00 7.054050209214905109e+00 7.853190905586950876e+00 8.807672252223005316e+00 9.895023327768072363e+00 1.109313893238614845e+01 1.252879942657962609e+01 1.416508873233840049e+01 1.607642784982001416e+01 1.832777391824818380e+01 2.078657979593253557e+01 1.124560078203611653e+02 1.185523022244084217e+02 1.227156461578366873e+02 1.242911478940225578e+02 1.231311024912106120e+02 1.193652931623373092e+02 1.135585273145595551e+02 1.064978354689061746e+02 9.910377921241763488e+01 9.178269050542353114e+01 8.489118634698631638e+01 7.849451897925617061e+01 7.239466648034958496e+01 6.673249606871773665e+01 6.128541508002724925e+01 5.613026142817829367e+01 5.127208745286692704e+01 4.679660792910210887e+01 4.276928297829837788e+01 3.908918423752186300e+01 3.595586974591964236e+01 3.323854391415856213e+01 3.105043631930382020e+01 2.919993812058302041e+01 2.783022981482846347e+01 2.681210805146586651e+01 2.605468711971814955e+01 2.560589617001033957e+01 2.540862388670018746e+01 2.544480148878144732e+01 2.581274312358272027e+01 2.649023649541616976e+01 2.743642618497895214e+01 2.872976967296263240e+01 3.028214612962844399e+01 3.226044823763815117e+01 3.462279069798137954e+01 3.742025242645277672e+01 4.071698312107702122e+01 4.450063891727283760e+01 4.868137838841003173e+01 5.331115527446826263e+01 5.844836753622821135e+01 6.391364935671682446e+01 6.978623772455163987e+01 7.616102113375856675e+01 8.289804308039320802e+01 9.014013223934225039e+01 9.765811896575270623e+01 1.053405352894436220e+02
2.084076817242398860e+01 2.335880280981651680e+01 2.555164230096168865e+01 2.716031515955296172e+01 2.778076578970829758e+01 2.721264258949544868e+01 2.567157555942151248e+01 2.341787978047880969e+01 2.092568667811766048e+01 1.852554503628764238e+01 1.641077960202629882e+01 1.462970256793292911e+01 1.311416278790072454e+01 1.178192600837027548e+01 1.059636142778737522e+01 9.538130803325337581e+00 8.568669648709226649e+00 7.642090514265190926e+00 6.809856278900817017e+00 6.062001950927506932e+00 5.403738905955528082e+00 4.872524542607973963e+00 4.476835507246005541e+00 4.196192518680562422e+00 3.977479569460480757e+00 3.816748025655519516e+00 3.715536540543455057e+00 3.645181717248722197e+00 3.590539037437089132e+00 3.580310509206380054e+00 3.585900316327423454e+00 3.648094013693873983e+00 3.719207187782437529e+00 3.818516496844265085e+00 3.953006054828500648e+00 4.127948917348162716e+00 4.367601074197227540e+00 4.705438155128212507e+00 5.118045950416238554e+00 5.638509068615332076e+00 6.276270725475606937e+00 6.970639133088839756e+00 7.826077290805359077e+00 8.806264993660382956e+00 9.873119770856982669e+00 1.113797088147967074e+01 1.254799188497493034e+01 1.418133834989493458e+01 1.613045062713142386e+01 1.835815874786775126e+01 1.055378962231002760e+02 1.128109962120641967e+02 1.189470681050892438e+02 1.231076864788085317e+02 1.247700181508301824e+02 1.235560576852004004e+02 1.196562119206002848e+02 1.136987413825734734e+02 1.067094163741312371e+02 9.933047021814250854e+01 9.215496351872164382e+01 8.540923410624965584e+01 7.895072286446306009e+01 7.298542207381699143e+01 6.724206710799455777e+01 6.175365534930753597e+01 5.650309386202723516e+01 5.159127118867606043e+01 4.706866651512131483e+01 4.287271212163042833e+01 3.923379971317184101e+01 3.604176670729434306e+01 3.341047292011474212e+01 3.116427996741862572e+01 2.942984195777159329e+01 2.806873564159486634e+01 2.698773855505261920e+01 2.621596083141074729e+01 2.570787407029187577e+01 2.543869182348962354e+01 2.549438051680013828e+01 2.586597507618451530e+01 2.648141531700554907e+01 2.742509120618182550e+01 2.861380918796176331e+01 3.019156520544236244e+01 3.213026362127096291e+01 3.448133208964127761e+01 3.731254795428542081e+01 4.062249574608461700e+01 4.434575568474559049e+01 4.854237040963536032e+01 5.326995033362936738e+01 5.837544025242834778e+01 6.389995965918888032e+01 6.991145948070517591e+01 7.626777505934117585e+01 8.310099758915883683e+01 9.032236120402258450e+01 9.794679839559377399e+01
1.842743466619887016e+01 2.090789587679709527e+01 2.338509640365538544e+01 2.564772560200598406e+01 2.721264258949544868e+01 2.778449223441936411e+01 2.716842458529626825e+01 2.554800564600142110e+01 2.332180619544066857e+01 2.088051801684762410e+01 1.854898857472998941e+01 1.649083865344054445e+01 1.471447171656296682e+01 1.317477915994978055e+01 1.184007038197207429e+01 1.066253271373452804e+01 9.591003705783919031e+00 8.561468466459301041e+00 7.611838071987440557e+00 6.744096577708080353e+00 5.967637378535672887e+00 5.330459050092079210e+00 4.843830067736211831e+00 4.487629547723803292e+00 4.210285531987610241e+00 4.002783770081744130e+00 3.856360660962606435e+00 3.749144313407557050e+00 3.664768665226574296e+00 3.624698944735516459e+00 3.610044929431321048e+00 3.642065874413913384e+00 3.677696439202532641e+00 3.734956644264749492e+00 3.818960173336982677e+00 3.933365678007284316e+00 4.104959477559184222e+00 4.354661289707727256e+00 4.673333752110626627e+00 5.092655553719218631e+00 5.627990414013079423e+00 6.225305970647597498e+00 6.988426717082973916e+00 7.874504628966474407e+00 8.839027071435012317e+00 9.975032064893934347e+00 1.121174181628624567e+01 1.261463125813182984e+01 1.427164330445389417e+01 1.618842435667016133e+01 9.824760389029000862e+01 1.059357931058137581e+02 1.132148108549293397e+02 1.192897374259638923e+02 1.234858376764135528e+02 1.250283830923455639e+02 1.236305541507392576e+02 1.195436324922517315e+02 1.136573392273952692e+02 1.067047566977096551e+02 9.949577177756074775e+01 9.247587109007099571e+01 8.564014213920061991e+01 7.933837574059958797e+01 7.328881420446602135e+01 6.748275094130006835e+01 6.188387799207525575e+01 5.657614716591249504e+01 5.159624364317203771e+01 4.690652788472566925e+01 4.276913523485130497e+01 3.910050450516539655e+01 3.601489785011082745e+01 3.336040546405639162e+01 3.125082618551496694e+01 2.954354719573416332e+01 2.814573039322929660e+01 2.706918800341076903e+01 2.628004602778518617e+01 2.574261521964767496e+01 2.552740247704903354e+01 2.563245705043091149e+01 2.596258526677955913e+01 2.659366262297830019e+01 2.745047203004727265e+01 2.865932016645237468e+01 3.020381405721929013e+01 3.212894064123400995e+01 3.451148746210671447e+01 3.735548874388486951e+01 4.062161665589493253e+01 4.437914483202585814e+01 4.868054665876729814e+01 5.341840562610581600e+01 5.859440467011703646e+01 6.425143543690586512e+01 7.024480243487251130e+01 7.665389192441769239e+01 8.345700129213960849e+01 9.071890677026554783e+01
1.624456435049290448e+01 1.849820333950113493e+01 2.094018835195711503e+01 2.346659544611198456e+01 2.567157555942151248e+01 2.716842458529626825e+01 2.767454956852872527e+01 2.697819151822421091e+01 2.539992839463197782e+01 2.323656553511620970e+01 2.087854792593329734e+01 1.860636897391940181e+01 1.654546040022621156e+01 1.473898995056206473e+01 1.319491918874742353e+01 1.185882330848889410e+01 1.066767867808748882e+01 9.530985432922209455e+00 8.467862216745016823e+00 7.484513775485212683e+00 6.589513296882393512e+00 5.843562965830587430e+00 5.257779272785806590e+00 4.815555586976680402e+00 4.469424671684085304e+00 4.206451829839231493e+00 4.011376207604371302e+00 3.862170146654696268e+00 3.744252791174529360e+00 3.668102701914211838e+00 3.628514456508767694e+00 3.630165457381509864e+00 3.633841717590394538e+00 3.651447272287678292e+00 3.691458338796029803e+00 3.753404320675729267e+00 3.869529155455063485e+00 4.046787729391991384e+00 4.291039419402176591e+00 4.625231492226836494e+00 5.070242011568723228e+00 5.574225794591209926e+00 6.241116602584337869e+00 7.027041212432481032e+00 7.888060381667040488e+00 8.909899185424626111e+00 1.001062044702966602e+01 1.124063953616536438e+01 1.266830291207789472e+01 1.430400531652821527e+01 9.085138045740349355e+01 9.845102213587290407e+01 1.061438083321726822e+02 1.133251206405160048e+02 1.193993427242044589e+02 1.234405645673571570e+02 1.247695367024556674e+02 1.231791139759495479e+02 1.191924268190537362e+02 1.133787343926482407e+02 1.066210313329763579e+02 9.957145639529554160e+01 9.243299280807175933e+01 8.575975089600144941e+01 7.936365025899044667e+01 7.322367255873064096e+01 6.729400234636516132e+01 6.162835350565411829e+01 5.623992425825014152e+01 5.109326676696869640e+01 4.647308120939437259e+01 4.233064439601623263e+01 3.877562894238600677e+01 3.569848219999538230e+01 3.318954561122751556e+01 3.111699423185279656e+01 2.939466786330901726e+01 2.800452044231198556e+01 2.692254889985019872e+01 2.610625162396982901e+01 2.562050669405865833e+01 2.545904632995625505e+01 2.551337611952501305e+01 2.584748604590168597e+01 2.639365395682064630e+01 2.726382133263099306e+01 2.844464274390412584e+01 2.998942583042963861e+01 3.196445383421342612e+01 3.437608921689719210e+01 3.720996764036974014e+01 4.053485852201151829e+01 4.438940214169766563e+01 4.871031679125843539e+01 5.349609134685794487e+01 5.876887599572495446e+01 6.439782912828258077e+01 7.041278028410376066e+01 7.681154854044991964e+01 8.364050011710661181e+01
1.433987154841247502e+01 1.628807208263993545e+01 1.849414399612946980e+01 2.095918801060718906e+01 2.341787978047880969e+01 2.554800564600142110e+01 2.697819151822421091e+01 2.742061550051222696e+01 2.679172849019126801e+01 2.529120612409388968e+01 2.323071732513097842e+01 2.093512274750995772e+01 1.865333973274880108e+01 1.655941811340821701e+01 1.474768836987304255e+01 1.319825147914570351e+01 1.185007032204457111e+01 1.059411547586724822e+01 9.421048411436599324e+00 8.330324407295250921e+00 7.323074483554284697e+00 6.468055854752737588e+00 5.776470554769597143e+00 5.237387112523686383e+00 4.809539573043375427e+00 4.478126083468655594e+00 4.222814270313152818e+00 4.019080955079011197e+00 3.856950313283001197e+00 3.738543145455426320e+00 3.669722384110585267e+00 3.644799643672266054e+00 3.623625926227862504e+00 3.613392922576372790e+00 3.622745343973847287e+00 3.642388708024222765e+00 3.712047597759506434e+00 3.825277403601768711e+00 4.003106303543108702e+00 4.261223136464002081e+00 4.625728497533575734e+00 5.046505811916984108e+00 5.624321395113243582e+00 6.315032797109464191e+00 7.078114750631785412e+00 7.989962726934646042e+00 8.970564266708628054e+00 1.005393245744438246e+01 1.129298088238740938e+01 1.268913720155600444e+01 8.363699272733613554e+01 9.085731775253958631e+01 9.843308660130733756e+01 1.059900384625940148e+02 1.131296464579990726e+02 1.190325217184390709e+02 1.228574375770373166e+02 1.240286211394144829e+02 1.225946165852481897e+02 1.187277418296977629e+02 1.131482723121703344e+02 1.065655681174032594e+02 9.938254189138960726e+01 9.241035197267422063e+01 8.564755988010941223e+01 7.914824581848772311e+01 7.289695502863671095e+01 6.691249758529694702e+01 6.117398181149531666e+01 5.563960287310395358e+01 5.057592757353921797e+01 4.598228008706309566e+01 4.195456417400534121e+01 3.844197794672358981e+01 3.550987724474193641e+01 3.304444183239063193e+01 3.096538021685817554e+01 2.923377606357929892e+01 2.783272954705061153e+01 2.672412303486470364e+01 2.596932686356866071e+01 2.554738178896103662e+01 2.534737915676795339e+01 2.541475567265696967e+01 2.568556814953425160e+01 2.625322180004175010e+01 2.709941192868558346e+01 2.829732715138801069e+01 2.988720794860159558e+01 3.188692799218085838e+01 3.430890963276652883e+01 3.721566031280926978e+01 4.062259380948416521e+01 4.450860300625777910e+01 4.886797521101610897e+01 5.371737920790651799e+01 5.893890151504487562e+01 6.453608993450788489e+01 7.050580498816933073e+01 7.687170780031404149e+01
1.271815785374157137e+01 1.438112356824967186e+01 1.629318098065141029e+01 1.851668736307490803e+01 2.092568667811766048e+01 2.332180619544066857e+01 2.539992839463197782e+01 2.679172849019126801e+01 2.732731752087874355e+01 2.678032523188941028e+01 2.539088465340644873e+01 2.337377588543480300e+01 2.103952951720169651e+01 1.869982305748655449e+01 1.658023600653053720e+01 1.474761992534809352e+01 1.318279990363955001e+01 1.177119309522806212e+01 1.047970003755023072e+01 9.284232557654537032e+00 8.170876946543806696e+00 7.207105901773438461e+00 6.397894943948926105e+00 5.746591171628494976e+00 5.217701335220514380e+00 4.801321008972908366e+00 4.476075260268955525e+00 4.210039553565937176e+00 3.999142402437361188e+00 3.835909905959574484e+00 3.733555150292671154e+00 3.678782751173894194e+00 3.629273902646491745e+00 3.591625205121005582e+00 3.577347674167736358e+00 3.565149724239012663e+00 3.599548962325709311e+00 3.664734379082885241e+00 3.789185314873766419e+00 3.979229627420477922e+00 4.272454304153707305e+00 4.618251462634994198e+00 5.110278243016708188e+00 5.706814008821031514e+00 6.370044737603142160e+00 7.169753284093728141e+00 8.037061056881869447e+00 8.993461629012838188e+00 1.008444129815291923e+01 1.129993301064615885e+01 7.691934270073120672e+01 8.370603718616580124e+01 9.093570823083921084e+01 9.840598502276147030e+01 1.059363728039130308e+02 1.129445419887112081e+02 1.186723158299596719e+02 1.223979818083800666e+02 1.237784954276635716e+02 1.224956937031756610e+02 1.188599714594881505e+02 1.134155237899619380e+02 1.066376566658014582e+02 9.955356854158044655e+01 9.244271022097152013e+01 8.553327451689877137e+01 7.890518981090117734e+01 7.258942967160615467e+01 6.652709532982385099e+01 6.064732633786175597e+01 5.517520933088452750e+01 5.014149639856800178e+01 4.563508593120047152e+01 4.165082019725347351e+01 3.825100356664458445e+01 3.534941448763412097e+01 3.287368504041512551e+01 3.077368072338769522e+01 2.902742026265459430e+01 2.761506860118258899e+01 2.657750022372790966e+01 2.588234828823665623e+01 2.542746143944540904e+01 2.523748130808436940e+01 2.524977876662248732e+01 2.554537830143766897e+01 2.609437350720958193e+01 2.698080458160730899e+01 2.821142109856698710e+01 2.983068740278929454e+01 3.186212015546358245e+01 3.437312402591133775e+01 3.734117131393995237e+01 4.078242706140866858e+01 4.469539825722404913e+01 4.909688413411939933e+01 5.389090685251070312e+01 5.906704798821913727e+01 6.463094769179872401e+01 7.058254265999246968e+01
1.135634988462057393e+01 1.278983051511870528e+01 1.442737314873268950e+01 1.634768171587752406e+01 1.852554503628764238e+01 2.088051801684762410e+01 2.323656553511620970e+01 2.529120612409388968e+01 2.678032523188941028e+01 2.737728480438226342e+01 2.692967549024739782e+01 2.555110748026828915e+01 2.347388547074419662e+01 2.107162344026923151e+01 1.870623480356215751e+01 1.656466130768178502e+01 1.472164102527552920e+01 1.308999675546123598e+01 1.163740134844628038e+01 1.031422561878871846e+01 9.089715530207463701e+00 8.020375046168956246e+00 7.097877762211723507e+00 6.335913966743010661e+00 5.704482354284034606e+00 5.198887167624511640e+00 4.801034912293301815e+00 4.464715785149222071e+00 4.195174694745233523e+00 3.977964165305096778e+00 3.831243742851691447e+00 3.738911122248067986e+00 3.653305670270524885e+00 3.585090952364845762e+00 3.543878034527215615e+00 3.501658853923746317e+00 3.505006429007361479e+00 3.530744532540709191e+00 3.614456082582349961e+00 3.750711388497781407e+00 3.984021273539428254e+00 4.264694439075287669e+00 4.678046692547823682e+00 5.188461787286848370e+00 5.760597467470816468e+00 6.456734887958687885e+00 7.223534774376894063e+00 8.066108848039393209e+00 9.034621728582562739e+00 1.011270950961794846e+01 7.076488247370599538e+01 7.714516054351378216e+01 8.395923615796864681e+01 9.110207543379603123e+01 9.854360102277048838e+01 1.059575516911351940e+02 1.128161321361030645e+02 1.184694202181312619e+02 1.224038278952076411e+02 1.239007901075417379e+02 1.227838741289409228e+02 1.192102297779838409e+02 1.135152584520918424e+02 1.067759579304337478e+02 9.953866965372040454e+01 9.227658381517397856e+01 8.523234612279709665e+01 7.853910944819617157e+01 7.212080565895313100e+01 6.589827286966061592e+01 6.004525408970567213e+01 5.460652480203270187e+01 4.965570593261598731e+01 4.521803270381528250e+01 4.135986352509851116e+01 3.801653437315958683e+01 3.513446999547386440e+01 3.264977075623142611e+01 3.053801132128906559e+01 2.879678718372636936e+01 2.745101204408470608e+01 2.645612648102582654e+01 2.572968238842317845e+01 2.528081213431501340e+01 2.502989846040134125e+01 2.505632317632124639e+01 2.533164874473214212e+01 2.593252771140870294e+01 2.684253422931556088e+01 2.812273736930503532e+01 2.979520156123203378e+01 3.193679828778288510e+01 3.449537591384341795e+01 3.750461409932832879e+01 4.098876324764414392e+01 4.494628167785509021e+01 4.930878891243910545e+01 5.407123406203442073e+01 5.924087152804192158e+01 6.481329503151722804e+01
1.018725667304084048e+01 1.144868521461119926e+01 1.287053505534942488e+01 1.451535257174208837e+01 1.641077960202629882e+01 1.854898857472998941e+01 2.087854792593329734e+01 2.323071732513097842e+01 2.539088465340644873e+01 2.692967549024739782e+01 2.762431008122611331e+01 2.716917724545481505e+01 2.572503705393922857e+01 2.357044410998583928e+01 2.114388425341448752e+01 1.875478879651366881e+01 1.661528959366720670e+01 1.471424332519693223e+01 1.305117345359443704e+01 1.156307467784839638e+01 1.020462049679783156e+01 9.016475827284391897e+00 7.971623393580578920e+00 7.090304818450390734e+00 6.345016737951064911e+00 5.735375148950349278e+00 5.249605768583359477e+00 4.827570037022588245e+00 4.484555482602621268e+00 4.201023514969002726e+00 3.999284918076780215e+00 3.866063307073660749e+00 3.743153275301481564e+00 3.648157403625321038e+00 3.584295004022078235e+00 3.519839397634480616e+00 3.498409451933066627e+00 3.492636944952225875e+00 3.541246974085331622e+00 3.630243835551136833e+00 3.806898911868163093e+00 4.025724095107111822e+00 4.361730698295001929e+00 4.786983829060361018e+00 5.269576965070558394e+00 5.860676318994988421e+00 6.529020308614334134e+00 7.262032944289964931e+00 8.117471437940004364e+00 9.081111518591248100e+00 6.524877217907140903e+01 7.127261083058952806e+01 7.770568493208918426e+01 8.446751949743435262e+01 9.160167791435952722e+01 9.895975996977877287e+01 1.062759476953960416e+02 1.131015005148854726e+02 1.189915463318292268e+02 1.230428606459345389e+02 1.246865852363357021e+02 1.236023790783132057e+02 1.197711833413023044e+02 1.140679462943290758e+02 1.071890408235397416e+02 9.981768826097757596e+01 9.243053658379092496e+01 8.535995714945529755e+01 7.855813116672602803e+01 7.197989974350605280e+01 6.575555173958503019e+01 5.991644967560069546e+01 5.453123860929810007e+01 4.963376566386984479e+01 4.529544065527064589e+01 4.147898499592560029e+01 3.814646630488449119e+01 3.523232759396697844e+01 3.271258231169168340e+01 3.060195192885710469e+01 2.892039059606731755e+01 2.760011534822032431e+01 2.659242960930279764e+01 2.588149908088790951e+01 2.537698573100203703e+01 2.514989336063764469e+01 2.517646543706197448e+01 2.551116626286919598e+01 2.612246928076798014e+01 2.708854877058704247e+01 2.841653301508402052e+01 3.019350337016141239e+01 3.234544031587662261e+01 3.491822206217191393e+01 3.795464745706473764e+01 4.145568165458671217e+01 4.537056425640242452e+01 4.970262365460444443e+01 5.445966664850006822e+01 5.966055911769156950e+01
9.177238808726121633e+00 1.030403032942081154e+01 1.156700115451335620e+01 1.299455370287943801e+01 1.462970256793292911e+01 1.649083865344054445e+01 1.860636897391940181e+01 2.093512274750995772e+01 2.337377588543480300e+01 2.555110748026828915e+01 2.716917724545481505e+01 2.783552356861653720e+01 2.731657463747201930e+01 2.578705266517388139e+01 2.361552140571277292e+01 2.116177039684513517e+01 1.878358432397649125e+01 1.659061037637146185e+01 1.466174854975319164e+01 1.296324693490794822e+01 1.144268383266169842e+01 1.012329040771303212e+01 8.957839267398245653e+00 7.959050165103748853e+00 7.099088411603867499e+00 6.377540823670904580e+00 5.797137028325196617e+00 5.280515928168551198e+00 4.854608887164731712e+00 4.492610302358686525e+00 4.218093389168766194e+00 4.025396625825326424e+00 3.852180751699346928e+00 3.723824561358083152e+00 3.628981239115840918e+00 3.543903562131522023e+00 3.501261089783104463e+00 3.476771505029351950e+00 3.506017298660004666e+00 3.565595442465511855e+00 3.699250754465166935e+00 3.866327514859414727e+00 4.131777242481035728e+00 4.478164059541967390e+00 4.877902086996984465e+00 5.371031446814305887e+00 5.947092279810691551e+00 6.575577185079538367e+00 7.326410523232421035e+00 8.185305534549550899e+00 6.022317227823438657e+01 6.590612536971303825e+01 7.198854787454673954e+01 7.839105959895233866e+01 8.514270152037157402e+01 9.220291883616616246e+01 9.948222917071207405e+01 1.067462815379740704e+02 1.137795452504475122e+02 1.197183652030782497e+02 1.238451126453505680e+02 1.254634191100575009e+02 1.241094389106767721e+02 1.202168665243160319e+02 1.143949448083444338e+02 1.073857830776824045e+02 9.987854799110209569e+01 9.249490468728197357e+01 8.529886129887987067e+01 7.833945894612782013e+01 7.176039991393122364e+01 6.556042866943190006e+01 5.979003265931549294e+01 5.446726826950369826e+01 4.967049902358495928e+01 4.538684826749506129e+01 4.159263749569317525e+01 3.823359615711168402e+01 3.528495411328223952e+01 3.276966945938660558e+01 3.070889088189606042e+01 2.902383682340616033e+01 2.769709397334848333e+01 2.670053384756239012e+01 2.593120481750181128e+01 2.545051738587253354e+01 2.524681334666771093e+01 2.534474965854100503e+01 2.570015879111497981e+01 2.639964843482669465e+01 2.742350899921996898e+01 2.886720037948933282e+01 3.064679304169084162e+01 3.281175290384990717e+01 3.542148997388067500e+01 3.847624296395975563e+01 4.195087872208976876e+01 4.585030115257976036e+01 5.018746018291994204e+01 5.499629416692699380e+01
8.275223308538910416e+00 9.283620984920181840e+00 1.042274099848595981e+01 1.168449468793041390e+01 1.311416278790072454e+01 1.471447171656296682e+01 1.654546040022621156e+01 1.865333973274880108e+01 2.103952951720169651e+01 2.347388547074419662e+01 2.572503705393922857e+01 2.731657463747201930e+01 2.793611590745693363e+01 2.733225573194652824e+01 2.580153993126478440e+01 2.360277273580848600e+01 2.117866877049338115e+01 1.876387073341329170e+01 1.655309454415168346e+01 1.459580106095148011e+01 1.286713333579824869e+01 1.138473619950794102e+01 1.008689532919169274e+01 8.968940009368754573e+00 7.993760253466577481e+00 7.156994317852846343e+00 6.473540395309313134e+00 5.853064435555095812e+00 5.331529697880219132e+00 4.876456385878145561e+00 4.514843412997670669e+00 4.249161990969449576e+00 4.013300628645752433e+00 3.846220276446605801e+00 3.714035541236805571e+00 3.605692905994213326e+00 3.538472687954408613e+00 3.493292590278622267e+00 3.500652258128926775e+00 3.531595499245536729e+00 3.625598871121770372e+00 3.746026273136019213e+00 3.949797609408681076e+00 4.226836886095744816e+00 4.554929960104690423e+00 4.964119037011609947e+00 5.456725973179460176e+00 5.989334303704201723e+00 6.638969050460106658e+00 7.392756349938967020e+00 5.550351133115712088e+01 6.082068662162157580e+01 6.655058730014687285e+01 7.260584365272099205e+01 7.898170790221445259e+01 8.565415844685792024e+01 9.262793454625996503e+01 9.981350873007681912e+01 1.072597394806162043e+02 1.142873731094868219e+02 1.202765371607606255e+02 1.243734710966832466e+02 1.257666574693034534e+02 1.243416942853000080e+02 1.203910155073809705e+02 1.144653654156825553e+02 1.073410986341742301e+02 9.990608927536015926e+01 9.240975306209828943e+01 8.507842481177601712e+01 7.814486437065447433e+01 7.160378976575984211e+01 6.548314947909322825e+01 5.977584793921740669e+01 5.455577263449350056e+01 4.981545809224321886e+01 4.555808477017345837e+01 4.173767767805505713e+01 3.834212940976627948e+01 3.538327661085678955e+01 3.290808125804082351e+01 3.082202890121645567e+01 2.913882538583833792e+01 2.782624356580567593e+01 2.677156220891926353e+01 2.601883523171524715e+01 2.557185653795968605e+01 2.541531163379623237e+01 2.551470199196026911e+01 2.595540575500826108e+01 2.668417072095552811e+01 2.781111567395264217e+01 2.924222116341961808e+01 3.102595883240184094e+01 3.323666956015713225e+01 3.587414397791551579e+01 3.892133990678016175e+01 4.239247573537524971e+01 4.629107620594258776e+01 5.067612818546413678e+01
7.444196031802795765e+00 8.338685400436606443e+00 9.367956563561847361e+00 1.050384586758598715e+01 1.178192600837027548e+01 1.317477915994978055e+01 1.473898995056206473e+01 1.655941811340821701e+01 1.869982305748655449e+01 2.107162344026923151e+01 2.357044410998583928e+01 2.578705266517388139e+01 2.733225573194652824e+01 2.786232210334581794e+01 2.727006844584783707e+01 2.571826171989236087e+01 2.357575443909266610e+01 2.114087678266342962e+01 1.872152781876305028e+01 1.650131601781550117e+01 1.451867948153407539e+01 1.282718808791493892e+01 1.136510832170781704e+01 1.010961451029623248e+01 9.012669811987585433e+00 8.057847699193057878e+00 7.267742007823130734e+00 6.539486713959621333e+00 5.914182635142092970e+00 5.355782563981549060e+00 4.893698506435768536e+00 4.540817265920689572e+00 4.228777509502462451e+00 4.006829222471069762e+00 3.825589273178914063e+00 3.689190811215260712e+00 3.596531488578792235e+00 3.533914064007374289e+00 3.525722721736443521e+00 3.533155192195128969e+00 3.592168523353760357e+00 3.671743188432201599e+00 3.816911474922441538e+00 4.027255186060475722e+00 4.287357959042241262e+00 4.619548130743118541e+00 5.034730702895716448e+00 5.476227501286049737e+00 6.027087693420067893e+00 6.672604511908265756e+00 5.096540572763793620e+01 5.586473606764881339e+01 6.121642159256195725e+01 6.692367435352180394e+01 7.295418486516901169e+01 7.924307341548440320e+01 8.583101794774935911e+01 9.268089762726054914e+01 1.000330615288275595e+02 1.074290590793442846e+02 1.144837662174269184e+02 1.204201320196587091e+02 1.243137992918825034e+02 1.256147905319040206e+02 1.241895580150349616e+02 1.201694727519533217e+02 1.141749558955967530e+02 1.072162175488163598e+02 9.971178226904626740e+01 9.213046802423305337e+01 8.486893888473734648e+01 7.798824211425159092e+01 7.152030286410688120e+01 6.545565382136946653e+01 5.984195039543676131e+01 5.467751616421618621e+01 4.998083190907220086e+01 4.571327564534145438e+01 4.186578288138741044e+01 3.844199614404256238e+01 3.552342699111719071e+01 3.300704175830779263e+01 3.092556152232511479e+01 2.925238283121659677e+01 2.787951133451447205e+01 2.683078609246678425e+01 2.612432803870172648e+01 2.570951792162150795e+01 2.556086336152684169e+01 2.574485725971301164e+01 2.618931922160865255e+01 2.700482549295056245e+01 2.809133178535226705e+01 2.950946087865141365e+01 3.131938575184218720e+01 3.355549074280009592e+01 3.617846127639273135e+01 3.921446419259529392e+01 4.265487183535473292e+01 4.658164010671657707e+01
6.673082846963090731e+00 7.460033694405058036e+00 8.391246611104660857e+00 9.427694518414911684e+00 1.059636142778737522e+01 1.184007038197207429e+01 1.319491918874742353e+01 1.474768836987304255e+01 1.658023600653053720e+01 1.870623480356215751e+01 2.114388425341448752e+01 2.361552140571277292e+01 2.580153993126478440e+01 2.727006844584783707e+01 2.783852281007198926e+01 2.724082495029751527e+01 2.577101693826815421e+01 2.363939358978618088e+01 2.119884077258465993e+01 1.877149100451164188e+01 1.650978764599775062e+01 1.454884123453726374e+01 1.286212456524539327e+01 1.143078178770662490e+01 1.018587441995117793e+01 9.101719949240766994e+00 8.198413689346782718e+00 7.359509804156327384e+00 6.623499568261504322e+00 5.952106235818709123e+00 5.375546092333500781e+00 4.914074531027554649e+00 4.506561788020537307e+00 4.209894011445486584e+00 3.969809049710899540e+00 3.793398526169402984e+00 3.667494832336905652e+00 3.582443385545223347e+00 3.551198039461048950e+00 3.533547037659547474e+00 3.560055510229626741e+00 3.602516256087520130e+00 3.697733560763672322e+00 3.849729414049996912e+00 4.045742385109306838e+00 4.308098254974415120e+00 4.649347483576074858e+00 5.007675395830283094e+00 5.465861103175987168e+00 6.009661639440763814e+00 4.663714806406262170e+01 5.110501818883677316e+01 5.606486147538568332e+01 6.143104646011198611e+01 6.714570845423554601e+01 7.310621847602885737e+01 7.933365346642980853e+01 8.579446576649040423e+01 9.280612087445683756e+01 1.001016037758345334e+02 1.075411267989099287e+02 1.145636885911191314e+02 1.203692213380617773e+02 1.242084997742289971e+02 1.256036332937555784e+02 1.241624769572862164e+02 1.201309448315015089e+02 1.143639534372943416e+02 1.073483658694200216e+02 9.976229685963578220e+01 9.223031845078699575e+01 8.497438315216599847e+01 7.811574950380332893e+01 7.166024873573037723e+01 6.565359283950802194e+01 6.007346267663644568e+01 5.495135479678299362e+01 5.023698059618515543e+01 4.591988282080579609e+01 4.200535458780048259e+01 3.858696628021522912e+01 3.558470349185908077e+01 3.303868758098737146e+01 3.095017378051476697e+01 2.921243141799423526e+01 2.783480216716939637e+01 2.683021112146916565e+01 2.613141627424509039e+01 2.570542317042155389e+01 2.561825870717427378e+01 2.577949930871164241e+01 2.629681637145738549e+01 2.705565474856082986e+01 2.813046658079021967e+01 2.956467612618258300e+01 3.141816159496431737e+01 3.363411243414910246e+01 3.624908428362093105e+01 3.923792393330742811e+01 4.270328904146298754e+01
6.027478847168785236e+00 6.709772306780608098e+00 7.535887256664135947e+00 8.471243588813534231e+00 9.538130803325337581e+00 1.066253271373452804e+01 1.185882330848889410e+01 1.319825147914570351e+01 1.474761992534809352e+01 1.656466130768178502e+01 1.875478879651366881e+01 2.116177039684513517e+01 2.360277273580848600e+01 2.571826171989236087e+01 2.724082495029751527e+01 2.780998851153952600e+01 2.731154973546634324e+01 2.586839036521008595e+01 2.372680253604897516e+01 2.128065742345118494e+01 1.880221355772630076e+01 1.655366887559659261e+01 1.459071805867979599e+01 1.292923803700548646e+01 1.150143483054894844e+01 1.026551930530511392e+01 9.238296286094579202e+00 8.282201218296194156e+00 7.429859000075433428e+00 6.640639550542694280e+00 5.946164269818877912e+00 5.371877796345716050e+00 4.862378654969006675e+00 4.480015639848355491e+00 4.166882020718357893e+00 3.932264113616050771e+00 3.758590943195855516e+00 3.640168426105202304e+00 3.577522324978068990e+00 3.531259776417817964e+00 3.528474169105390690e+00 3.540088113526645319e+00 3.595167393334192329e+00 3.697834989689713581e+00 3.839368641493816625e+00 4.045383266344739326e+00 4.324458776332284593e+00 4.617659210231679801e+00 5.002334734506564295e+00 5.460107177696754910e+00 4.277512008225801310e+01 4.679520722979160041e+01 5.133196655459773439e+01 5.630796235178502229e+01 6.167867737966256669e+01 6.731227506749893053e+01 7.319849133425297794e+01 7.928235330911095957e+01 8.586651809148314385e+01 9.280994629876130375e+01 1.001413049911221123e+02 1.075409845593620730e+02 1.144644747909483158e+02 1.202225853287244064e+02 1.241943870254847724e+02 1.255860675043338262e+02 1.241627263297994830e+02 1.203852971319407033e+02 1.145766564800098308e+02 1.074846269654159556e+02 9.993424533719881708e+01 9.238590726210345849e+01 8.512456322081477822e+01 7.824935726284032000e+01 7.183234451902883677e+01 6.584546195646298372e+01 6.031992664072168964e+01 5.517359152832106872e+01 5.039777029621838267e+01 4.599270167705272883e+01 4.206594744391222207e+01 3.856461461122175649e+01 3.553275743986119295e+01 3.299329891276007487e+01 3.085031867599749944e+01 2.910070914268870368e+01 2.775142004294611908e+01 2.674329362471340943e+01 2.601621948754305080e+01 2.564165213068436699e+01 2.552772855403421559e+01 2.576068007499799251e+01 2.621260359666624495e+01 2.697276770637848387e+01 2.806370878024811333e+01 2.957330678675569402e+01 3.142821317389984159e+01 3.366288719210901803e+01 3.624208258242735781e+01 3.928213878820302085e+01
