2.745847624414813559e+00 2.655830466587321581e+00 2.422133573618010516e+00 2.081151816885562500e+00 1.701330760272469211e+00 1.336345936747590057e+00 1.022465869541691053e+00 7.707251050162728934e-01 5.785894230624600842e-01 4.276288302494544724e-01 3.049633145987227789e-01 2.005055958005352024e-01 1.090158323148395919e-01 3.203476784186837234e-02 -2.467368418986443102e-02 -6.487400832497514092e-02 -8.432064571395067598e-02 -9.125475353937381739e-02 -9.077961361526687423e-02 -8.790603368577250276e-02 -8.069837922891014148e-02 -7.099445089818520738e-02 -6.287979253445646899e-02 -5.141379126266328037e-02 -4.072046552715120199e-02 -3.745773133857788206e-02 -3.580790539985054949e-02 -3.909441918103979258e-02 -4.258470029527829798e-02 -5.221916633518842304e-02 -6.177589550537898599e-02 -7.902286112124895512e-02 -9.660021692558617978e-02 -1.055924814505387055e-01 -1.047679361005414422e-01 -8.364341473760808499e-02 -4.348048794857131000e-02 1.872162248568960685e-02 9.650022414613007582e-02 1.926923794323594508e-01 3.023986739812116187e-01 4.339650078077094131e-01 5.934734129158024674e-01 7.949493026554806940e-01 1.047929140195493103e+00 1.362447332977091419e+00 1.717250553305915473e+00 2.088489481566290884e+00 2.423340224041954372e+00 2.654405287898041976e+00 4.203698182500513525e+00 4.122742926147918929e+00 3.885096148071347510e+00 3.537463954846186365e+00 3.132641816093772569e+00 2.721430888068224085e+00 2.340787798816857279e+00 2.006625934914723075e+00 1.710503640105741185e+00 1.452721548558287390e+00 1.220608886664009907e+00 1.004842697678046459e+00 8.083395794712059379e-01 6.330096829141431680e-01 4.847718433409334282e-01 3.601295621022347349e-01 2.647708149480019202e-01 1.914048705101684678e-01 1.346382010377600857e-01 9.260926118322329592e-02 6.175312202370800141e-02 4.162299393214321380e-02 3.112800057045003385e-02 2.557604176063356036e-02 2.634116300566178431e-02 2.867505712893888767e-02 3.205182008356403933e-02 3.637823124744288261e-02 4.612373309818434963e-02 5.776140813822337045e-02 7.334289244269560915e-02 9.935418775508693401e-02 1.323792464389355328e-01 1.783616384638785357e-01 2.486574492311966200e-01 3.448033101464174632e-01 4.683039176993049058e-01 6.216478763733044310e-01 7.970327210329177792e-01 9.972911239183878118e-01 1.213344705268007750e+00 1.452252117777206086e+00 1.720838669106181662e+00 2.021525121426325455e+00 2.359937960267734613e+00 2.736764657266199663e+00 3.141273884799641536e+00 3.537698738046636038e+00 3.880083054259137576e+00 4.115992873192107382e+00
2.655830466587321581e+00 2.742742357218120208e+00 2.651398537220999163e+00 2.408339253841695005e+00 2.065683523353380568e+00 1.684151370297170658e+00 1.320014560006110393e+00 1.007277156484558178e+00 7.590724404982229778e-01 5.654747603183498672e-01 4.139730190826708678e-01 2.896678829260566634e-01 1.818938319281502569e-01 8.999426237993592148e-02 1.708639364925085627e-02 -3.860661176610495626e-02 -7.263343860398852048e-02 -9.147698607350983335e-02 -9.985498801590868279e-02 -1.023219162564652923e-01 -9.774185432414099484e-02 -8.749318170771554215e-02 -7.708620869295600142e-02 -6.160361307219152510e-02 -4.530265022975370204e-02 -3.620850149906830462e-02 -2.839522576453009164e-02 -2.571955126756564000e-02 -2.507095889969222086e-02 -3.185786395535620402e-02 -4.061256010234569336e-02 -6.026615075969044694e-02 -8.265855905604675702e-02 -9.949658908254234435e-02 -1.092872837044407547e-01 -1.002990322543610702e-01 -7.403813450641287541e-02 -2.695659953817379495e-02 3.540526244611116868e-02 1.168289010609563916e-01 2.089832622214559121e-01 3.189666640667653819e-01 4.471712521917642347e-01 6.057235808527033916e-01 8.041342127986161881e-01 1.058793300419684558e+00 1.365695336945969895e+00 1.720991192105711720e+00 2.092836880189961946e+00 2.422198885962236314e+00 4.120048395122277718e+00 4.203196087942631998e+00 4.114022671537735931e+00 3.871452275988822578e+00 3.518226176183758991e+00 3.110309465858352773e+00 2.700195858946909055e+00 2.322742495169056287e+00 1.983455390550067143e+00 1.690070018821289821e+00 1.430235811428693493e+00 1.192610200547676635e+00 9.751732031667352807e-01 7.777040324065607191e-01 6.061765998267816258e-01 4.575128316745259438e-01 3.395814187923877903e-01 2.458519284428092311e-01 1.717089509402384140e-01 1.166435724071837043e-01 7.610033265403434721e-02 4.995618607157277513e-02 3.560070222180976296e-02 2.828497747006502791e-02 2.962123212641869230e-02 3.343821385854223172e-02 3.845266857601868649e-02 4.369508135404271548e-02 5.255023991193288890e-02 6.181555082260595246e-02 7.063663617431975572e-02 8.735451983899078510e-02 1.074036640490732275e-01 1.370302895934430720e-01 1.877842331892467798e-01 2.634985866965633972e-01 3.642136606967614210e-01 4.949824134005251786e-01 6.474420495064840964e-01 8.260088247747119361e-01 1.019995206638472984e+00 1.234529095641640151e+00 1.474385635747099688e+00 1.739068010448600266e+00 2.035187722026887691e+00 2.370596242570941037e+00 2.747011079288039781e+00 3.147578834931056946e+00 3.541911853776168240e+00 3.883662917189969477e+00
2.422133573618010516e+00 2.651398537220999163e+00 2.734800692475384931e+00 2.632692297008861981e+00 2.386630195246625785e+00 2.040493193059640387e+00 1.658198164260112017e+00 1.294721127024978546e+00 9.849373339313647335e-01 7.358735028847325221e-01 5.431673707896492731e-01 3.907555542702878526e-01 2.629877092093024782e-01 1.566198077218029228e-01 6.888430829150786472e-02 -6.065177485667075288e-04 -4.910351044679363286e-02 -8.077572099825050533e-02 -9.942378713984707794e-02 -1.092536453211459951e-01 -1.094349062064252642e-01 -1.010951461998888246e-01 -9.032657804493596232e-02 -7.243858524826303491e-02 -5.167105982340079035e-02 -3.677060379449124256e-02 -2.259958973812547373e-02 -1.368216307095339312e-02 -8.839621225372462643e-03 -1.248004150465470245e-02 -2.043647448876793893e-02 -4.123401204522224306e-02 -6.645620483507311271e-02 -8.894809956032936893e-02 -1.074744091775706456e-01 -1.093766341260565683e-01 -9.651031118454730939e-02 -6.505555414224213628e-02 -1.848694675301831153e-02 4.779386605140281685e-02 1.239370633740128902e-01 2.174049678812045028e-01 3.244872998350848414e-01 4.539510314415068915e-01 6.111783285051428649e-01 8.119317016700726697e-01 1.060586077593996368e+00 1.367801218759439497e+00 1.723808914595204689e+00 2.090819988947442365e+00 3.882000117611443368e+00 4.112179792180982396e+00 4.186972164582677181e+00 4.091180602000399347e+00 3.841605209888512285e+00 3.484318305124194382e+00 3.075163701317826792e+00 2.666871746985234548e+00 2.284276129101153074e+00 1.948191619971210597e+00 1.653051254515486956e+00 1.389477917080138569e+00 1.150486649038255704e+00 9.330310913651778115e-01 7.406016017347764047e-01 5.704335358090291130e-01 4.309574087706181111e-01 3.163307588516374724e-01 2.235082084153190429e-01 1.533781698368163748e-01 1.007938536889512182e-01 6.606058125718426710e-02 4.563514436508814276e-02 3.469839546198884295e-02 3.498005730053720119e-02 3.957662345710533103e-02 4.609604836556351753e-02 5.249152239002654458e-02 6.111029598318064304e-02 6.826223620695841265e-02 7.142531004455100752e-02 8.017944893682425744e-02 8.967507462241967875e-02 1.050068840907422696e-01 1.382873717420708137e-01 1.945471083628437792e-01 2.727453792052753068e-01 3.801897234911283396e-01 5.081024843692704129e-01 6.634417594970170029e-01 8.353375305513246474e-01 1.028237797852926461e+00 1.245525354026828957e+00 1.483093599688052988e+00 1.744633622572953513e+00 2.039815342568814582e+00 2.375042732065058892e+00 2.748266157141986188e+00 3.146333287696394532e+00 3.540182195240192620e+00
2.081151816885562500e+00 2.408339253841695005e+00 2.632692297008861981e+00 2.706030717461918034e+00 2.601401328445418937e+00 2.352092418761510650e+00 2.005893762449299622e+00 1.625375436350445568e+00 1.265432415967072011e+00 9.561279431209566138e-01 7.092720192433513704e-01 5.155746987099659728e-01 3.592302130083348533e-01 2.348098576249696978e-01 1.323148961319379202e-01 4.998899677631263305e-02 -1.234590961643365452e-02 -5.773397604946337025e-02 -8.868996988760115274e-02 -1.084817471139758044e-01 -1.157322416215892102e-01 -1.114656077204072560e-01 -1.022512773245986273e-01 -8.383092863080436608e-02 -6.072663530853588537e-02 -4.204640604185005959e-02 -2.328756672643551157e-02 -9.313426344241730256e-03 -3.758310635724423140e-04 1.007419929299390788e-04 -5.691099580977820351e-03 -2.488303791640012266e-02 -5.017179893236503596e-02 -7.569645063982116673e-02 -9.957264928301978735e-02 -1.097761889196535029e-01 -1.078328634326556346e-01 -9.046097842707483128e-02 -5.956170661545769768e-02 -9.244847630327058391e-03 4.985933592967641687e-02 1.268342299499262138e-01 2.162165834591010527e-01 3.246821945985948199e-01 4.529684316807363609e-01 6.115515189675282404e-01 8.072899841208835969e-01 1.055431873094012429e+00 1.362037786229264524e+00 1.713455851189354506e+00 3.522688008430820084e+00 3.857808191618182558e+00 4.080856132005892256e+00 4.149098802406730790e+00 4.047159972090009994e+00 3.795103698189075114e+00 3.436013954425524375e+00 3.029544042802765791e+00 2.617947594993363936e+00 2.239210433388689747e+00 1.901913251807635596e+00 1.604511258398449103e+00 1.339957629102780379e+00 1.101792699201702641e+00 8.905603715585234115e-01 7.014874140403496439e-01 5.416601146770492203e-01 4.061193888085842252e-01 2.925954511873233854e-01 2.047806138357400330e-01 1.372295019236167424e-01 9.088893822153207291e-02 6.160090913256415640e-02 4.473047875613671287e-02 4.093005081378243981e-02 4.422004832049844514e-02 5.006011161900666279e-02 5.668052974081622120e-02 6.523031103598778135e-02 7.129157834543570216e-02 7.117079722497933469e-02 7.427287182771091789e-02 7.641211874951131522e-02 8.092734255096840912e-02 1.001754998744195518e-01 1.396531124623534015e-01 1.973777753293752546e-01 2.821031009646190468e-01 3.849299836855086809e-01 5.150542357605821797e-01 6.622394808172407110e-01 8.323237632781519402e-01 1.027597674097193714e+00 1.242045574194678759e+00 1.475909557940949579e+00 1.737271753973078203e+00 2.030648213626856435e+00 2.362497130751539220e+00 2.732062479626878204e+00 3.129326871130763799e+00
1.701330760272469211e+00 2.065683523353380568e+00 2.386630195246625785e+00 2.601401328445418937e+00 2.672306404668695734e+00 2.564372894150061644e+00 2.315564215285138783e+00 1.970715191147389911e+00 1.592622473411246853e+00 1.232055362845850155e+00 9.237780347080539745e-01 6.747592411474691021e-01 4.767840679143675597e-01 3.248215734043639058e-01 2.033347314886534418e-01 1.073000809758905549e-01 3.190232927641464128e-02 -2.634465705214976763e-02 -6.918839453649297533e-02 -9.941314209666028689e-02 -1.151196720360386644e-01 -1.168125493409306048e-01 -1.109145372629449372e-01 -9.405688040597101618e-02 -7.089096340459398460e-02 -4.998383889063494345e-02 -2.782530645734490257e-02 -9.490197383456331487e-03 3.693545933900732256e-03 8.799759345099619767e-03 5.724945714092649109e-03 -1.074164873678406205e-02 -3.506993112867657497e-02 -6.228461637148678676e-02 -8.973173375738702218e-02 -1.064230228008829909e-01 -1.132733906251517514e-01 -1.077673198800001841e-01 -9.033724875009119248e-02 -5.522960502084033746e-02 -1.215077613186397142e-02 4.874156977912975225e-02 1.224428956751501540e-01 2.142196826267067367e-01 3.219134980396561319e-01 4.498615822449794632e-01 6.046961865764964861e-01 7.989418915108332797e-01 1.045747807494666670e+00 1.349624093781642831e+00 3.106404955628968345e+00 3.492764159118073142e+00 3.820932811947303165e+00 4.037201228131721997e+00 4.099258440562901562e+00 3.995439045154321800e+00 3.740359390870377609e+00 3.383722284463138941e+00 2.973724399599617207e+00 2.564361863230383953e+00 2.182574448554513769e+00 1.843329067657960341e+00 1.544702386361277657e+00 1.280684562416033012e+00 1.048591561794151694e+00 8.414949869543182359e-01 6.628564689305543878e-01 5.076518910315327426e-01 3.746694881021956913e-01 2.680115713022990787e-01 1.843772282477963986e-01 1.241622749087197553e-01 8.378553768605867536e-02 5.857730241547873251e-02 4.788003672238250880e-02 4.747072918841194894e-02 5.133194536780356226e-02 5.778645913823429042e-02 6.641820063938352892e-02 7.185804937731755937e-02 6.971141689140246400e-02 6.843393882596977840e-02 6.496234651944138294e-02 6.065980674367930231e-02 6.798278807094901288e-02 9.242090707323107057e-02 1.320071178865172279e-01 1.957268192121947303e-01 2.749106434130613175e-01 3.802222615913981030e-01 5.026782404061962417e-01 6.499612718471539097e-01 8.231924407857085235e-01 1.016611682264905836e+00 1.227866856594110656e+00 1.462525855957926613e+00 1.720774452005760624e+00 2.011469733356415102e+00 2.339400587114458308e+00 2.708904056733102639e+00
1.336345936747590057e+00 1.684151370297170658e+00 2.040493193059640387e+00 2.352092418761510650e+00 2.564372894150061644e+00 2.631706319001025030e+00 2.524500910252831076e+00 2.276343564893497096e+00 1.933179550135562419e+00 1.553730333036207334e+00 1.193608650045977049e+00 8.828139082103586555e-01 6.299250813956067674e-01 4.373362489441341427e-01 2.877916846102267501e-01 1.734926934856938219e-01 8.437992169244114271e-02 1.402746377690520033e-02 -4.009362315054076920e-02 -8.068332572208242182e-02 -1.054850767012331381e-01 -1.144442048701021925e-01 -1.131139454181258192e-01 -9.935643455419745917e-02 -7.791681348502381421e-02 -5.680118010768114845e-02 -3.370887431711208637e-02 -1.327193761843239832e-02 2.831540837458246425e-03 1.138474240635954302e-02 1.166068129535227128e-02 -3.336352593022911053e-04 -2.109531410522064512e-02 -4.626092855821907490e-02 -7.335221522150346674e-02 -9.313450480209643778e-02 -1.061849967207399575e-01 -1.103380668064007225e-01 -1.054984394898435679e-01 -8.542029977069240387e-02 -5.871435118986124968e-02 -1.521123448752859271e-02 4.160052312838390109e-02 1.172598689402676586e-01 2.082999935838814043e-01 3.149335213632931674e-01 4.417062967466815482e-01 5.953427890421300051e-01 7.882214763232547883e-01 1.033722066255045258e+00 2.682696638486137708e+00 3.072305055043938360e+00 3.451901036596247252e+00 3.773130558376091237e+00 3.982646790710029361e+00 4.043214707091162374e+00 3.935248012574870113e+00 3.682017368024264936e+00 3.321238657865311250e+00 2.912062017240243161e+00 2.498550525199394468e+00 2.115781414226681978e+00 1.775212743163740114e+00 1.477223082880201321e+00 1.219570652722336224e+00 9.927354851706989836e-01 7.961299247993043338e-01 6.228637391530676970e-01 4.719818595762534374e-01 3.470917088101171943e-01 2.473410727911500295e-01 1.718579010834810350e-01 1.186896972802564676e-01 8.329494619972351022e-02 6.366226838868847826e-02 5.684997003226208850e-02 5.593926195620239211e-02 5.992305710982017558e-02 6.739178274460851104e-02 7.138545062803741681e-02 6.867964121177895509e-02 6.515199266327115213e-02 5.925215081814367429e-02 4.999518514941347219e-02 4.954660417593260285e-02 6.245854292897190518e-02 8.707198813890956735e-02 1.318582707306951984e-01 1.887673251671447838e-01 2.697667275798419917e-01 3.667198401327594892e-01 4.892619528251220262e-01 6.377015763979745344e-01 8.086617854091702196e-01 9.985879838075525372e-01 1.210966633253031777e+00 1.441690456980836199e+00 1.698494930205993958e+00 1.985041407523147283e+00 2.312895705894079779e+00
1.022465869541691053e+00 1.320014560006110393e+00 1.658198164260112017e+00 2.005893762449299622e+00 2.315564215285138783e+00 2.524500910252831076e+00 2.592297222118224109e+00 2.483844133541417420e+00 2.234933045269937857e+00 1.887482458173667998e+00 1.506279392147911400e+00 1.142211823700491236e+00 8.280900114549725188e-01 5.816105375693022550e-01 3.917028188325525351e-01 2.512063195479141142e-01 1.452465586532044328e-01 6.326143912031817473e-02 -8.112159042709762456e-04 -5.008341405756362025e-02 -8.351266543114822805e-02 -1.006440569828793014e-01 -1.059869452777907201e-01 -9.796820515459546408e-02 -8.086783142008477365e-02 -6.145645616304689501e-02 -3.862151568437324073e-02 -1.653503141031054807e-02 2.505162662414610157e-03 1.412582333687614940e-02 1.759728155407858791e-02 9.669042697179336052e-03 -7.468673920725829238e-03 -3.029245960566328069e-02 -5.618304266011116960e-02 -7.743091962428459707e-02 -9.417104352648096588e-02 -1.047981237997932524e-01 -1.088742889928420859e-01 -1.016984604961220506e-01 -8.905936827338820083e-02 -6.221911343872789379e-02 -2.211198413314113473e-02 3.712852254916934602e-02 1.131056530866345611e-01 2.036894219181835108e-01 3.117125844276242286e-01 4.374709431683777017e-01 5.890617745176950359e-01 7.804935433388530130e-01 2.289542072320967847e+00 2.649381009066763326e+00 3.031272996360604655e+00 3.402647063852960230e+00 3.717161003527722496e+00 3.925127644933684046e+00 3.980771395006151181e+00 3.873136655549425544e+00 3.614093659523959889e+00 3.251576389977651971e+00 2.836211508210566112e+00 2.421336219836165871e+00 2.036853672533927906e+00 1.697345093433650032e+00 1.406644903081625042e+00 1.156045601367884368e+00 9.406232001562291334e-01 7.511294973673544595e-01 5.850216087267340326e-01 4.441666426444709770e-01 3.290433602344086661e-01 2.378810565771505015e-01 1.700359366137779715e-01 1.221850908254679680e-01 9.095815270846266398e-02 7.578518998158492725e-02 6.900327116464015365e-02 6.955813941901992092e-02 7.530298355409184574e-02 7.784485543554170439e-02 7.431255899048586078e-02 6.885666207918618442e-02 6.090232787600344949e-02 4.745977227176620405e-02 4.094030682929611364e-02 4.441374942765714123e-02 5.686678682776337423e-02 8.589051428030136659e-02 1.240604972204783496e-01 1.831224612146168385e-01 2.564238866862794120e-01 3.542824441793597789e-01 4.770633220661433804e-01 6.242155219346215977e-01 7.929458049633910655e-01 9.848755540325876412e-01 1.193637325409077521e+00 1.424122690885832876e+00 1.676048112070403384e+00 1.961912046786931096e+00
7.707251050162728934e-01 1.007277156484558178e+00 1.294721127024978546e+00 1.625375436350445568e+00 1.970715191147389911e+00 2.276343564893497096e+00 2.483844133541417420e+00 2.547306840700378494e+00 2.434802366704654997e+00 2.178092487690728607e+00 1.826836098607077075e+00 1.440953229454303042e+00 1.074816852555782631e+00 7.681657230439679074e-01 5.249595120045411623e-01 3.459648130852808201e-01 2.151809753633117106e-01 1.185765298873174278e-01 4.488271981564778690e-02 -1.128380173522001637e-02 -5.210326012750886998e-02 -7.692646825301238667e-02 -8.964126851199796797e-02 -8.898856858352018062e-02 -7.807960564869945164e-02 -6.313843543699916572e-02 -4.340301555630857872e-02 -2.210875651128278024e-02 -1.675690029723029238e-03 1.210757343576654432e-02 1.929360705117062411e-02 1.606026759656493941e-02 3.535133810973465664e-03 -1.530128533954014901e-02 -3.815519448847595058e-02 -5.874999987835913262e-02 -7.723966355942614437e-02 -9.223689165523703271e-02 -1.034105390695621296e-01 -1.069868230073788007e-01 -1.066363064368319458e-01 -9.491780636258989601e-02 -7.054784583935475029e-02 -2.748420402059919415e-02 3.346727693088805827e-02 1.101186977755738150e-01 2.035923852595923345e-01 3.104759941459186989e-01 4.335723133982893329e-01 5.836678341573834361e-01 1.938276253132101834e+00 2.254423864126050780e+00 2.606312630869012992e+00 2.979146641557263386e+00 3.343947266755785908e+00 3.655345103012632269e+00 3.857300375605348997e+00 3.910079562151516530e+00 3.793565443222670641e+00 3.529758941817821238e+00 3.159139434871516272e+00 2.742103325870505426e+00 2.325633023355066609e+00 1.943335032243460825e+00 1.612350526588282928e+00 1.330405316573644026e+00 1.092092960965971082e+00 8.854917065543124188e-01 7.062773485809277219e-01 5.520999712214678112e-01 4.236735155841101497e-01 3.178587567446882201e-01 2.351596081091875956e-01 1.733969789103043391e-01 1.289835924150877500e-01 1.027014113470605533e-01 8.728884751399719477e-02 8.152262714459854176e-02 8.356840899690905211e-02 8.375981410956011286e-02 7.972875420520898759e-02 7.340739040947337479e-02 6.438226711953891346e-02 4.879620989299791184e-02 3.831432564150314551e-02 3.469883231200948659e-02 3.802904235012428275e-02 5.376071395484206122e-02 7.579999994297817456e-02 1.154254439878667493e-01 1.678076866448547921e-01 2.418502252698456756e-01 3.395661260677758642e-01 4.619907690738888073e-01 6.085121136035481770e-01 7.796088587442928652e-01 9.686449946468952410e-01 1.177857807826905301e+00 1.402562856131819080e+00 1.653122323920187986e+00
5.785894230624600842e-01 7.590724404982229778e-01 9.849373339313647335e-01 1.265432415967072011e+00 1.592622473411246853e+00 1.933179550135562419e+00 2.234933045269937857e+00 2.434802366704654997e+00 2.491602535023993426e+00 2.369308410943642862e+00 2.108758824319204805e+00 1.753524948248955884e+00 1.366981977757412370e+00 1.008978262540143556e+00 7.053093435829691504e-01 4.737243772611666182e-01 3.047683202639217548e-01 1.851061036418885364e-01 9.830802898302502812e-02 3.546349578513492695e-02 -1.102422979935270206e-02 -4.220914968400285572e-02 -6.197887665400107077e-02 -6.993062777716545220e-02 -6.679333520531997859e-02 -5.854422648565062171e-02 -4.439805031410556241e-02 -2.627946581145969990e-02 -6.748562543476195955e-03 8.050649279018797649e-03 1.871006409666620476e-02 2.012264334652583489e-02 1.279409787465256992e-02 -1.553441360840908825e-03 -2.107239590278938215e-02 -4.056676808850494254e-02 -6.016388943260530392e-02 -7.786354344770042568e-02 -9.394305178274472978e-02 -1.056614630364994256e-01 -1.145494381899483799e-01 -1.153681696298894249e-01 -1.046123069439370140e-01 -7.680750821288401253e-02 -3.025609298503409081e-02 3.385235966416739323e-02 1.148813319239747055e-01 2.084977319216432812e-01 3.127230182025850236e-01 4.341324720095757206e-01 1.635099526384223401e+00 1.907085238642848513e+00 2.215028292807168508e+00 2.556938175136922009e+00 2.923520663310021472e+00 3.283274861128073763e+00 3.587694645625140843e+00 3.783400159661225448e+00 3.824995297763085222e+00 3.701970632310753295e+00 3.429662153592489382e+00 3.057628549016279784e+00 2.639908000930660137e+00 2.226039278305409042e+00 1.852955803470419660e+00 1.531085484995663437e+00 1.261703400950399567e+00 1.033098034170189194e+00 8.392823872812699149e-01 6.739037855166291058e-01 5.339200519167998094e-01 4.156578640572909933e-01 3.186338572715941564e-01 2.420783135183434132e-01 1.829986181810203116e-01 1.432971167235810861e-01 1.165678527707994516e-01 1.014758859247414102e-01 9.747677245489903830e-02 9.365220075643733433e-02 8.802458233279120137e-02 8.111837411199648851e-02 7.151952084595929182e-02 5.468581774625536768e-02 4.131782989923531157e-02 3.184374551361913996e-02 2.756585497555575151e-02 3.224047450999517617e-02 4.125247667433385584e-02 6.421905167882617504e-02 9.889447949046129005e-02 1.513711861827926886e-01 2.257759198831702785e-01 3.241299882033865654e-01 4.483518170422573501e-01 5.985209628693939354e-01 7.687278148596390359e-01 9.593590005323648917e-01 1.162886909155375292e+00 1.385828082139416439e+00
4.276288302494544724e-01 5.654747603183498672e-01 7.358735028847325221e-01 9.561279431209566138e-01 1.232055362845850155e+00 1.553730333036207334e+00 1.887482458173667998e+00 2.178092487690728607e+00 2.369308410943642862e+00 2.414758297895750694e+00 2.288385824665045032e+00 2.023955634691113836e+00 1.668440428630843630e+00 1.290061684755454907e+00 9.348393580544468451e-01 6.442578020389174709e-01 4.238945717214476216e-01 2.691029165913502164e-01 1.612752828760934676e-01 8.793905635154131151e-02 3.535083212183304929e-02 -1.609794424218720377e-03 -2.780672189225290650e-02 -4.430586860808539279e-02 -5.007885348119503477e-02 -5.004933006498485382e-02 -4.283993461265163394e-02 -2.912692369639110698e-02 -1.157453361253919094e-02 3.459668651353209595e-03 1.745157120912337739e-02 2.386246304165012128e-02 2.227325728505963331e-02 1.324187760827094489e-02 -2.457325275219966829e-03 -2.057945498475266533e-02 -4.081512774115301362e-02 -6.084297533551618481e-02 -8.071789992176590933e-02 -9.841045707662950115e-02 -1.138616631367360965e-01 -1.241520774310160419e-01 -1.240265685403145746e-01 -1.093531367191213910e-01 -7.634286513085074277e-02 -2.514519882862921094e-02 4.252707351511841177e-02 1.229503445036734671e-01 2.122464995203901250e-01 3.132234172389279370e-01 1.362749885245666759e+00 1.597466537433852363e+00 1.861708496267162838e+00 2.159022968860440539e+00 2.494864387563250574e+00 2.853653876061302164e+00 3.204917375509214406e+00 3.498879433863688604e+00 3.681339827684379173e+00 3.715354788407200903e+00 3.583947856044485736e+00 3.310102421946730988e+00 2.938317320146232703e+00 2.523229106120119969e+00 2.119813302750124695e+00 1.756565256425404176e+00 1.448821438813471252e+00 1.190835073468182959e+00 9.776488493219304132e-01 8.000929980981733580e-01 6.493026628911365838e-01 5.204378548787100822e-01 4.107171966734556867e-01 3.201566861896293359e-01 2.464152528576371570e-01 1.922350012644926665e-01 1.532234973548873558e-01 1.276063713441900893e-01 1.159376856025599312e-01 1.069277033905407792e-01 9.937835316964437060e-02 9.223125929322949224e-02 8.310165300150376688e-02 6.612223539364692204e-02 5.120650122782769570e-02 3.707976398841862642e-02 2.605491026596527468e-02 2.128857196201960206e-02 1.932341990245858496e-02 2.808894595872863179e-02 4.827815447098985496e-02 8.209160098837088582e-02 1.361201169607891004e-01 2.117081670398527626e-01 3.132227143117245483e-01 4.408563585145116592e-01 5.899948316668600645e-01 7.600421016972105370e-01 9.431670675564363115e-01 1.142814654413435660e+00
3.049633145987227789e-01 4.139730190826708678e-01 5.431673707896492731e-01 7.092720192433513704e-01 9.237780347080539745e-01 1.193608650045977049e+00 1.506279392147911400e+00 1.826836098607077075e+00 2.108758824319204805e+00 2.288385824665045032e+00 2.329833717729676845e+00 2.199494976255269574e+00 1.934329567096253477e+00 1.585884952978467766e+00 1.209612283043743020e+00 8.677490771375426792e-01 5.878576076793320393e-01 3.830081295325222790e-01 2.403120347816640190e-01 1.475432179530044297e-01 8.509758557279081814e-02 4.267030161026559576e-02 1.180653649873692965e-02 -1.143531266992669007e-02 -2.548755885292369391e-02 -3.394615239008933610e-02 -3.498306250115593846e-02 -2.772741369237025424e-02 -1.438457546282895412e-02 -5.915296471217312087e-05 1.606821382052487507e-02 2.670081496579274766e-02 3.040411001355535284e-02 2.673962373474343332e-02 1.478030476928630065e-02 -1.378347897774886152e-03 -2.121071681180092261e-02 -4.173571527067256731e-02 -6.320462338019339210e-02 -8.369808514317006454e-02 -1.027240293321112635e-01 -1.195090920970430792e-01 -1.279311550944683129e-01 -1.249986232045114387e-01 -1.057971359094105196e-01 -6.878935289734512681e-02 -1.640149606920224268e-02 4.975862979292332983e-02 1.250397003184800238e-01 2.105836939969807919e-01 1.116632560359742898e+00 1.322115386651122604e+00 1.550212104092731247e+00 1.804156506354954281e+00 2.095711586187184672e+00 2.421902188168671088e+00 2.771353496536181460e+00 3.110342561485577750e+00 3.390937679194997667e+00 3.566084149970107031e+00 3.592374523772063455e+00 3.459233549172363364e+00 3.186164528756267877e+00 2.816187569089684484e+00 2.411736674143354353e+00 2.017452103032788990e+00 1.667989671908586047e+00 1.371373526380933239e+00 1.129840118172087626e+00 9.344633730273587124e-01 7.713193196146120867e-01 6.334611006325014948e-01 5.135394420753374156e-01 4.114421593190220050e-01 3.243772612533779576e-01 2.555621580110287172e-01 2.034366546290196642e-01 1.654383249095410235e-01 1.441053960867147432e-01 1.284426191591646615e-01 1.177403618678126845e-01 1.097542738684144231e-01 1.006395313021314214e-01 8.385064029436974098e-02 6.815897515820090735e-02 5.042898757862235987e-02 3.479001032810954963e-02 2.258230566141989498e-02 1.258998870113208803e-02 1.021374962730198580e-02 1.908075371776304235e-02 3.712827156023443265e-02 7.264766780903417209e-02 1.265504300321690367e-01 2.049485880540991012e-01 3.086093220671332626e-01 4.345585908707564338e-01 5.809505654372550953e-01 7.427303623219400075e-01 9.207831601829794543e-01
2.005055958005352024e-01 2.896678829260566634e-01 3.907555542702878526e-01 5.155746987099659728e-01 6.747592411474691021e-01 8.828139082103586555e-01 1.142211823700491236e+00 1.440953229454303042e+00 1.753524948248955884e+00 2.023955634691113836e+00 2.199494976255269574e+00 2.236971463732315701e+00 2.105117691581114947e+00 1.845504693548435826e+00 1.498415276941595708e+00 1.134996271686167679e+00 8.039280387799564442e-01 5.413798943965082433e-01 3.499219000540666480e-01 2.230713122223612899e-01 1.410572472608948580e-01 8.816229390927107779e-02 5.146106652937183779e-02 2.257468407833021842e-02 1.675730138454109130e-03 -1.432042162643326795e-02 -2.303978854893030254e-02 -2.280660594042050598e-02 -1.467336665403977218e-02 -2.638120708534915076e-03 1.381794395450047092e-02 2.718870577419373741e-02 3.447051737903183283e-02 3.513317764630422002e-02 2.680692639539387911e-02 1.333482707014808054e-02 -4.519710609453054563e-03 -2.379655800465577814e-02 -4.471591603743834548e-02 -6.525645267971534602e-02 -8.525248557233228164e-02 -1.056839635690233481e-01 -1.199108151857105481e-01 -1.260367952354326249e-01 -1.185278916978352998e-01 -9.525388806834182709e-02 -5.897481016171829404e-02 -9.098875200753987411e-03 5.124536604297855180e-02 1.217346562248201869e-01 8.900857472758346711e-01 1.071505175358116402e+00 1.270974308257817320e+00 1.488510310886098198e+00 1.735948468015086510e+00 2.016010456200260315e+00 2.331884949503861382e+00 2.667781849013113327e+00 2.993239918478096673e+00 3.267470051224615091e+00 3.435316874610967464e+00 3.459538271383554520e+00 3.327303930118977071e+00 3.054891217405135695e+00 2.695296488413252423e+00 2.299246396956398986e+00 1.919243416665967539e+00 1.581515969081049411e+00 1.302535459686003483e+00 1.079703776680198679e+00 8.978246998488329522e-01 7.478543794536041123e-01 6.176609098889720428e-01 5.054080614764845381e-01 4.069607387426349421e-01 3.247423648187968692e-01 2.596158492773942283e-01 2.094297850736101252e-01 1.772665887140684460e-01 1.533970843069277501e-01 1.377175425558147537e-01 1.273844962812168691e-01 1.169633111376841977e-01 1.000554583439115935e-01 8.362186368049590035e-02 6.356293579663926940e-02 4.537175811383852703e-02 2.860956325755496452e-02 1.389636119216764581e-02 3.831644635306295354e-03 4.045691975109871885e-03 9.770636865443360283e-03 2.955842895596956510e-02 6.482362593126389516e-02 1.215099586699307649e-01 2.016824023539209310e-01 3.027902662032774250e-01 4.231888409142650631e-01 5.613749078443229790e-01 7.166931391030639809e-01
1.090158323148395919e-01 1.818938319281502569e-01 2.629877092093024782e-01 3.592302130083348533e-01 4.767840679143675597e-01 6.299250813956067674e-01 8.280900114549725188e-01 1.074816852555782631e+00 1.366981977757412370e+00 1.668440428630843630e+00 1.934329567096253477e+00 2.105117691581114947e+00 2.139807261914441483e+00 2.011022835291161215e+00 1.751629915739618459e+00 1.416132937468109976e+00 1.063056911181729847e+00 7.498748547667246633e-01 5.013825315821450745e-01 3.260330969594799067e-01 2.115090153940436257e-01 1.398303090702803231e-01 9.407467763510901637e-02 5.993223737114847932e-02 3.387488060551673702e-02 1.162266939910150572e-02 -4.435662262524018955e-03 -1.190295978440294306e-02 -1.035544129290739968e-02 -2.135273508112892939e-03 1.274677899307771409e-02 2.741260879543760270e-02 3.773532047784314974e-02 4.281047970106706402e-02 3.861293505931764208e-02 2.879995052399785677e-02 1.413468049926231741e-02 -2.701296706100291684e-03 -2.181242018675652247e-02 -4.115500359328212038e-02 -6.091014811881630825e-02 -8.344862225453386628e-02 -1.023496109980535085e-01 -1.159171403613776380e-01 -1.187775817697913627e-01 -1.086358642388685625e-01 -8.765615774724723475e-02 -5.431369364816410195e-02 -9.571203525198032983e-03 4.521854959922035067e-02 6.772686232417900465e-01 8.356993379692881918e-01 1.010944681587701677e+00 1.199384578291264436e+00 1.410142894864544250e+00 1.645741194664215978e+00 1.916206126488596340e+00 2.218784217724055097e+00 2.542600703333006251e+00 2.863125145028594609e+00 3.129952600394676487e+00 3.295626475326710825e+00 3.319622713804691205e+00 3.186780167535482544e+00 2.923865730320530432e+00 2.571144959015007725e+00 2.189134188211604659e+00 1.820864228046187527e+00 1.501658036134214891e+00 1.242764258475591133e+00 1.034036558095644764e+00 8.672955074745088977e-01 7.258712577769564911e-01 6.054055322026757890e-01 4.978991088377621166e-01 4.040937472662855523e-01 3.272506768118242371e-01 2.646131451101336185e-01 2.203876944650572378e-01 1.868628199601939377e-01 1.647653973856001430e-01 1.510515404554576280e-01 1.384499754851225839e-01 1.218757463095505034e-01 1.050138593430484102e-01 8.372233712091921298e-02 6.436744100184818573e-02 4.462339001273273736e-02 2.677373221369493822e-02 1.107910964638562229e-02 3.829436118078245830e-03 -4.749517646793572018e-04 5.017910244809032846e-03 2.361827513391160163e-02 5.979305838636884279e-02 1.165076291291580052e-01 1.924070695676163567e-01 2.852204001356787311e-01 3.974295924788981971e-01 5.279459088295092029e-01
3.203476784186837234e-02 8.999426237993592148e-02 1.566198077218029228e-01 2.348098576249696978e-01 3.248215734043639058e-01 4.373362489441341427e-01 5.816105375693022550e-01 7.681657230439679074e-01 1.008978262540143556e+00 1.290061684755454907e+00 1.585884952978467766e+00 1.845504693548435826e+00 2.011022835291161215e+00 2.043497366454976039e+00 1.911725312870602433e+00 1.659861048517890181e+00 1.333319705239413455e+00 9.974797642966269917e-01 6.991959115922763424e-01 4.673885567114603456e-01 3.065013032770113610e-01 2.032976906425490726e-01 1.402153835722967090e-01 9.815703717348679691e-02 6.748103640110995893e-02 4.154320633891375736e-02 2.086091520813443401e-02 7.293960957964836303e-03 2.545901855185811209e-03 5.413113053180482366e-03 1.580290908586491974e-02 2.852773522448757981e-02 3.899375948392088537e-02 4.704973987675422492e-02 4.683266500301972585e-02 4.170800684572280315e-02 3.208680353827516457e-02 1.935260312041495873e-02 3.340379999558127332e-03 -1.359082517349333163e-02 -3.210015779725452351e-02 -5.502744274909860539e-02 -7.619487696121220177e-02 -9.465655582618359709e-02 -1.052947971261778554e-01 -1.064220871107728617e-01 -9.939683523981683588e-02 -8.266898926558455263e-02 -5.436684327156095925e-02 -1.660948441258440142e-02 4.897983494047438158e-01 6.255569052521936513e-01 7.789470938739998518e-01 9.440982623899206727e-01 1.126559126053211735e+00 1.325367039339828024e+00 1.551579935242725083e+00 1.808693382206459921e+00 2.099799828083716235e+00 2.418708095000799752e+00 2.730497140750335561e+00 2.993987383173932759e+00 3.155447956487557715e+00 3.175577165031505000e+00 3.048001097565421702e+00 2.788141601002624537e+00 2.447720666993559835e+00 2.076838992367194603e+00 1.727758930476116950e+00 1.429760328274985781e+00 1.186021648087376645e+00 9.942537004319578209e-01 8.368742447710608712e-01 7.068815352720639877e-01 5.917932864777151192e-01 4.898608252263806362e-01 4.037098975927911892e-01 3.307572525741592773e-01 2.750677345727944312e-01 2.315825920887621958e-01 2.008690344672989792e-01 1.811873180397621519e-01 1.642556983851859997e-01 1.468935654245199784e-01 1.295118705191892761e-01 1.087909170246438573e-01 9.004546646526169484e-02 6.942863415146893757e-02 5.040741272011640961e-02 3.088661789946408470e-02 1.767473216188898688e-02 5.563379103674321105e-03 -5.198318213265805355e-04 4.697132206452113781e-03 2.317648835660494205e-02 5.865009226103463230e-02 1.106073353672652748e-01 1.763874065970133520e-01 2.619648630013988733e-01 3.656847659643782666e-01
-2.467368418986443102e-02 1.708639364925085627e-02 6.888430829150786472e-02 1.323148961319379202e-01 2.033347314886534418e-01 2.877916846102267501e-01 3.917028188325525351e-01 5.249595120045411623e-01 7.053093435829691504e-01 9.348393580544468451e-01 1.209612283043743020e+00 1.498415276941595708e+00 1.751629915739618459e+00 1.911725312870602433e+00 1.940330986721935602e+00 1.813702377764078610e+00 1.571097981196287297e+00 1.260832840713856262e+00 9.401700286208521939e-01 6.581646692988065706e-01 4.416832925462219617e-01 2.923726210108076873e-01 1.980613894661908403e-01 1.394934528039146471e-01 1.009436289279363741e-01 7.152394703635284179e-02 4.838317344835250250e-02 3.091008016432826577e-02 2.094100781931731645e-02 1.823987910988989283e-02 2.264379008268713189e-02 3.098515517184030621e-02 3.946337973036984081e-02 4.853029258451849182e-02 5.082655363415760491e-02 4.995712824942774577e-02 4.566632794375950072e-02 3.811378808175532734e-02 2.646302210630408630e-02 1.277009460235795785e-02 -3.753220040338655847e-03 -2.570159683281704813e-02 -4.725222652148448887e-02 -6.795180167220885026e-02 -8.305279207262908359e-02 -9.181894636743201388e-02 -9.520611645618559660e-02 -9.204744201100809042e-02 -7.849087532697235359e-02 -5.727353209675992152e-02 3.309975238526283170e-01 4.414646107669792929e-01 5.714540869869446649e-01 7.139439980796987717e-01 8.723401847005253229e-01 1.041821152867852263e+00 1.231107487063621608e+00 1.443806624700697760e+00 1.689711607394091430e+00 1.975919500814881991e+00 2.284851374270736812e+00 2.592753787374463048e+00 2.848802179902235832e+00 3.005094525452443044e+00 3.028032818780134861e+00 2.901663751919480561e+00 2.653764108029406099e+00 2.324755359225780360e+00 1.973273852594976008e+00 1.645698302218197684e+00 1.363522758096450405e+00 1.137262466107646475e+00 9.550808459158314223e-01 8.099726023356732529e-01 6.855598396706883424e-01 5.765875122842885059e-01 4.832339738125757678e-01 4.022895304360098456e-01 3.361782374438143095e-01 2.827315114256707673e-01 2.422404231355649584e-01 2.149565283673184612e-01 1.913952453440533052e-01 1.714225190267655852e-01 1.520983454786028199e-01 1.314902742856511042e-01 1.137440035372630220e-01 9.353324749741159794e-02 7.524825440443512481e-02 5.421323032706416856e-02 3.690590445579765982e-02 1.950400218615147910e-02 4.841495462995251860e-03 4.070013726748446942e-04 5.036396437364823453e-03 2.317233379484779157e-02 5.450328244241476466e-02 9.662424067356066570e-02 1.569320925299262370e-01 2.337392157892491662e-01
