4.072897118262164717e+00 3.991905808646027509e+00 3.749139185455952816e+00 3.393293784958808068e+00 2.979386515160812543e+00 2.571634609069888278e+00 2.207089620542436403e+00 1.901399512643377143e+00 1.654322107244646789e+00 1.451002774655330008e+00 1.279690418475529778e+00 1.131558309655901429e+00 9.980707055288763341e-01 8.814557558068517595e-01 7.813572349576941578e-01 7.034612402469341275e-01 6.454812191044863035e-01 6.053532827957839313e-01 5.799670818880129364e-01 5.650764665107970153e-01 5.602515095823461522e-01 5.628035318172942558e-01 5.679003452567570331e-01 5.751610826930514397e-01 5.798583572220784577e-01 5.795142976466682860e-01 5.695862664383972707e-01 5.597658012019944840e-01 5.501835574334179579e-01 5.463033139241243452e-01 5.473342864644645811e-01 5.553114396709712963e-01 5.705485793206075407e-01 5.925845773861834198e-01 6.317601190515572673e-01 6.891269758729468009e-01 7.623960604168756872e-01 8.574689885141977275e-01 9.687070385585611065e-01 1.094673167534622849e+00 1.241300424729881557e+00 1.405769018613158838e+00 1.599894997443874978e+00 1.837844707188762472e+00 2.131155545127841222e+00 2.488573727987268391e+00 2.897345714310912257e+00 3.316425729118991583e+00 3.692753042439878897e+00 3.961312589703921638e+00 7.058300919446913291e+00 6.984739487276707237e+00 6.741734817845258299e+00 6.368200346037356852e+00 5.922537710900287244e+00 5.457466077894943091e+00 5.007918143387899867e+00 4.597375003082251332e+00 4.223873203463460513e+00 3.884560979986888096e+00 3.571113614439521022e+00 3.279653283367864436e+00 3.010973209286344154e+00 2.767002795841653207e+00 2.545925658700112226e+00 2.352295933103726089e+00 2.192698812593091517e+00 2.055657924789861646e+00 1.946929329196691372e+00 1.859560793596820139e+00 1.788909822818991913e+00 1.745470756285019354e+00 1.713639035592108284e+00 1.690534641738745458e+00 1.680676169358312322e+00 1.673224637864988207e+00 1.666372190589115121e+00 1.673252631877501173e+00 1.690445628728250993e+00 1.722223463716969105e+00 1.768450229306377519e+00 1.833124844185258340e+00 1.914185465031252642e+00 2.015696754325109197e+00 2.142983282302295400e+00 2.299891470430449836e+00 2.488924450158965129e+00 2.703772093342138305e+00 2.948711606980297883e+00 3.217321165975416619e+00 3.505683788995229921e+00 3.811019040145276371e+00 4.137881583115009754e+00 4.504072597092656061e+00 4.905935602194221978e+00 5.349102125575044830e+00 5.815090544368604952e+00 6.268157401581917476e+00 6.667428413582306312e+00 6.944309605166003152e+00
3.991905808646027509e+00 4.097779625229831524e+00 4.006966289102591006e+00 3.756513365914674996e+00 3.384981781695203029e+00 2.963619755275822332e+00 2.551054659526967416e+00 2.184966089376995768e+00 1.882985377852958386e+00 1.636071090244743953e+00 1.433180530586011026e+00 1.262657258373558467e+00 1.110763490449515833e+00 9.777455201740480328e-01 8.608617991697752325e-01 7.668956161402522564e-01 6.935528545785208943e-01 6.397137982902183495e-01 6.029277494143828742e-01 5.794679331087482232e-01 5.685257117116274683e-01 5.687236549141228004e-01 5.744117136737910689e-01 5.823141725565174065e-01 5.889933944146478195e-01 5.891666330476100777e-01 5.791886180506327086e-01 5.688061337135421613e-01 5.579032691586059967e-01 5.516136566055414026e-01 5.488124800081959354e-01 5.510414136338515068e-01 5.579685892793178059e-01 5.686129015497353167e-01 5.932117794971244473e-01 6.346215802481350865e-01 6.903947397847356449e-01 7.685647236487632705e-01 8.632070127823530115e-01 9.739429074339704950e-01 1.104474841864248713e+00 1.250067820545403219e+00 1.416452756821551473e+00 1.615665688182459814e+00 1.857539431383368411e+00 2.159080828523862738e+00 2.523405026868927425e+00 2.931803494851317637e+00 3.352877494179325346e+00 3.728305955546850292e+00 6.990301959815239385e+00 7.096644875631934468e+00 7.015385465134152732e+00 6.759760225267160472e+00 6.374771864396365117e+00 5.919641489036290061e+00 5.446038910148210732e+00 4.996243256573843716e+00 4.583364400534826189e+00 4.210007397542421259e+00 3.869023926479840725e+00 3.554425946184901264e+00 3.263859175364776988e+00 2.996275363418977378e+00 2.751572779660095946e+00 2.532514455488929617e+00 2.347140016866077872e+00 2.185724702578739187e+00 2.054635971636328939e+00 1.948286065858216620e+00 1.860968730515490721e+00 1.803246692061298173e+00 1.760944826326000134e+00 1.728506921645925010e+00 1.710032790868826647e+00 1.693210489090453574e+00 1.677352484767476115e+00 1.673570366599457238e+00 1.679228923739724433e+00 1.698504824430142168e+00 1.729668006618075626e+00 1.777563164039206445e+00 1.838916753276657268e+00 1.918091806942153310e+00 2.020208403663867003e+00 2.150113810077259657e+00 2.312282793994115959e+00 2.501178375224025530e+00 2.721835204498510130e+00 2.969333518956821294e+00 3.237958610099635148e+00 3.524250259118117512e+00 3.828357995054161300e+00 4.165399609778441814e+00 4.531605679128126951e+00 4.941007200263558552e+00 5.387574480103387131e+00 5.854775870066148968e+00 6.317162168961902857e+00 6.713344632829949532e+00
3.749139185455952816e+00 4.006966289102591006e+00 4.102491533831907233e+00 4.003181839088044036e+00 3.737362640815408810e+00 3.358216230927902668e+00 2.933108213054730573e+00 2.518826471407759726e+00 2.157424187465433629e+00 1.854535387753132980e+00 1.608123217319809006e+00 1.406727347282363816e+00 1.233387171987324615e+00 1.084321979167430117e+00 9.521953909841943675e-01 8.436097386813641297e-01 7.549842947842303476e-01 6.858240072244163876e-01 6.354442167564029464e-01 6.008330386899526365e-01 5.813957776778506670e-01 5.767429594231597845e-01 5.806169840486309353e-01 5.877307544868126676e-01 5.951672494238855471e-01 5.952076264092736047e-01 5.860226154691040579e-01 5.759158205329312219e-01 5.649763599528888625e-01 5.585135259679151476e-01 5.538347089010251523e-01 5.529496844908637909e-01 5.541772393561075205e-01 5.560761845123736169e-01 5.682052448137057121e-01 5.955726714618970741e-01 6.348976322131241190e-01 6.960179955604580693e-01 7.736196901507320645e-01 8.686983482414957214e-01 9.835866644876176679e-01 1.114149319629298862e+00 1.260801813779941716e+00 1.432715836903533324e+00 1.634521725464782582e+00 1.883514522687132375e+00 2.189962794858314243e+00 2.551418305414761889e+00 2.961022309309642164e+00 3.379426544236975083e+00 6.744235705915006207e+00 7.012700960061208022e+00 7.109691382323900299e+00 7.015510849367689872e+00 6.746740155247128889e+00 6.351765883759473930e+00 5.888605361760150814e+00 5.414853957212764968e+00 4.963899245408826211e+00 4.550981311781809424e+00 4.176569656874333347e+00 3.836000599059695482e+00 3.523611441629334706e+00 3.235038827375218418e+00 2.969941459910851123e+00 2.728145562229016718e+00 2.517717517141989436e+00 2.331851674752485337e+00 2.176840146371079587e+00 2.049335702190580921e+00 1.943590944148301913e+00 1.869451067304805258e+00 1.814677688892233132e+00 1.771455755180447511e+00 1.743096596341723092e+00 1.716622360004834702e+00 1.691876227055522985e+00 1.678188535430664707e+00 1.674030274241877558e+00 1.682891068727275341e+00 1.701510622414365903e+00 1.735621193167455445e+00 1.780280012233231623e+00 1.840339480847058562e+00 1.919692737204585553e+00 2.024196181925437710e+00 2.159448342295189338e+00 2.321431618630326987e+00 2.515672611025715266e+00 2.739437376336051777e+00 2.986378968446196325e+00 3.253393249872262416e+00 3.537781826755556303e+00 3.850985680780209641e+00 4.186408939322320499e+00 4.559396803611185156e+00 4.970307535407800792e+00 5.416686985987380965e+00 5.890275868497954370e+00 6.349223058864157387e+00
3.393293784958808068e+00 3.756513365914674996e+00 4.003181839088044036e+00 4.090583755079268968e+00 3.977225496442597485e+00 3.705482751614900927e+00 3.324790362138647204e+00 2.898332009918803021e+00 2.489734422921262347e+00 2.126840400201810422e+00 1.824884653798157563e+00 1.580147374148102246e+00 1.376851387877360944e+00 1.207592841243403159e+00 1.059572869996775246e+00 9.371937960401321988e-01 8.339416393935137339e-01 7.494813364276954326e-01 6.845028315211751924e-01 6.363885956996695459e-01 6.054975759790958145e-01 5.923304505355463379e-01 5.906522253199975037e-01 5.945101484074876153e-01 6.010999225004327595e-01 6.010321778315198538e-01 5.933755738500887666e-01 5.850527580136627437e-01 5.752320195394313718e-01 5.700307884721163010e-01 5.645527027222221328e-01 5.617314458186917214e-01 5.583076431797231454e-01 5.532526559163718494e-01 5.549866118485816679e-01 5.706002860635054352e-01 5.956462993192955802e-01 6.412054645760101312e-01 7.017922077699908501e-01 7.797858933793605507e-01 8.772552784866661790e-01 9.923480339858975485e-01 1.122570440504254696e+00 1.274954886812662780e+00 1.448805938709660124e+00 1.657039117739103284e+00 1.910083982153894855e+00 2.212466727745243666e+00 2.575645351377684911e+00 2.981227462817087392e+00 6.371953840973857197e+00 6.757649798224311333e+00 7.015762404612190473e+00 7.100571460281481784e+00 6.994048864896095452e+00 6.717195074870124571e+00 6.317294106540196630e+00 5.854504431917435525e+00 5.381379519539552625e+00 4.930514254846350752e+00 4.517105899044035588e+00 4.143750803701213847e+00 3.805437529834276411e+00 3.494951625351141011e+00 3.210641755850051737e+00 2.948677580803960474e+00 2.715138175469528292e+00 2.506560242603474542e+00 2.327751782397800895e+00 2.177239049348023592e+00 2.050627978884378866e+00 1.956640341331753241e+00 1.885566355604391786e+00 1.828580360394378657e+00 1.788668485988555990e+00 1.751804999143076857e+00 1.718645325732566675e+00 1.695791986404690643e+00 1.683071708695888846e+00 1.682561471908007089e+00 1.690247697184973585e+00 1.712046817730380921e+00 1.741980531858523307e+00 1.784416698647209643e+00 1.843334007976725752e+00 1.924873980234913962e+00 2.034582950720543959e+00 2.169787065417222660e+00 2.336574662674674840e+00 2.533640648830541853e+00 2.755243837694644871e+00 2.999750587428172022e+00 3.264393592573834990e+00 3.556586316758790112e+00 3.867500657869958225e+00 4.209555940563877385e+00 4.583370793306380975e+00 4.993921196102413695e+00 5.444736591738510434e+00 5.915582991129157087e+00
2.979386515160812543e+00 3.384981781695203029e+00 3.737362640815408810e+00 3.977225496442597485e+00 4.051380729879266340e+00 3.933458572105390072e+00 3.661469085261344958e+00 3.279400624968914268e+00 2.859589490460630934e+00 2.450282885496052110e+00 2.090403335835532506e+00 1.792008715987679413e+00 1.548633368199811455e+00 1.352547396717647565e+00 1.186418330362637663e+00 1.049859755640345060e+00 9.325145963152149386e-01 8.327166566285266747e-01 7.516171094789708684e-01 6.875919501857573612e-01 6.423721446338367391e-01 6.171873291634246694e-01 6.061505032458978093e-01 6.037474860888230044e-01 6.070110559712138532e-01 6.055113897918057431e-01 5.992814165740601995e-01 5.933879031670282744e-01 5.862075079874745631e-01 5.838388841955783892e-01 5.794740113536698267e-01 5.763718135167084089e-01 5.697358062928297162e-01 5.593118862889407961e-01 5.529210332816146822e-01 5.590653801947114143e-01 5.722385341872850972e-01 6.040915387445822127e-01 6.484725023358048901e-01 7.086334657415797045e-01 7.866596367155139768e-01 8.839132913601862596e-01 9.969405403157747259e-01 1.131872435432965007e+00 1.284481137915462146e+00 1.462627359521220693e+00 1.672621940014469066e+00 1.919204968051248850e+00 2.222676599340656534e+00 2.580142348078863002e+00 5.912297479676076328e+00 6.359611054811818320e+00 6.734726194932471266e+00 6.982134472814330195e+00 7.055477400415683498e+00 6.942342449948484706e+00 6.663106761772093378e+00 6.263189803617943419e+00 5.803646560289140943e+00 5.331851792854916283e+00 4.883428287635862119e+00 4.473816650673913209e+00 4.105691607001420884e+00 3.771989064906921651e+00 3.469502084006992781e+00 3.190006971136748692e+00 2.936265645691093162e+00 2.706444522942687225e+00 2.503989622419926064e+00 2.328993763572530629e+00 2.179396153326210062e+00 2.062732890184244550e+00 1.972078361289644866e+00 1.898573314214356822e+00 1.844604235452350860e+00 1.795878236558618557e+00 1.753589782134550967e+00 1.721875157860571326e+00 1.701762101738035549e+00 1.693152982975863807e+00 1.691917614454611307e+00 1.703423926868085969e+00 1.720149116050653459e+00 1.747277104719814789e+00 1.787739557112848932e+00 1.848296256154901451e+00 1.934050217745754363e+00 2.043300988013897701e+00 2.182286299695110454e+00 2.350095536873881397e+00 2.541998962295502817e+00 2.759476612049108990e+00 3.000109713391987842e+00 3.269922683152747034e+00 3.558402050579128950e+00 3.873760914261298538e+00 4.214593373259214459e+00 4.586349293639307767e+00 4.997826867817690477e+00 5.445606763587298893e+00
2.571634609069888278e+00 2.963619755275822332e+00 3.358216230927902668e+00 3.705482751614900927e+00 3.933458572105390072e+00 4.004446433431709806e+00 3.886710068739321233e+00 3.611724405566126173e+00 3.234746172506709705e+00 2.813872175138109277e+00 2.408630144388968830e+00 2.053638863960961292e+00 1.760143808745878502e+00 1.526777635319649162e+00 1.335461575037991455e+00 1.181392405701486625e+00 1.049334335257607220e+00 9.347462945279453317e-01 8.380864967518045772e-01 7.577606467770870990e-01 6.965945713280345952e-01 6.566047022928507282e-01 6.323664881474523325e-01 6.200112375958468647e-01 6.171817476458250074e-01 6.127989360943164598e-01 6.067192389136827346e-01 6.028811621273748589e-01 5.979318921274658916e-01 5.976215494341892143e-01 5.943169141059445604e-01 5.908830514351469665e-01 5.817107243954985352e-01 5.675259686396849634e-01 5.557090610690502697e-01 5.552185009278562955e-01 5.594970352463233265e-01 5.801165963146779347e-01 6.097881205282829065e-01 6.526760602388079757e-01 7.106965738596441318e-01 7.890185775251919997e-01 8.847886059580609697e-01 1.003372505262621672e+00 1.139376378778379939e+00 1.296338867079543933e+00 1.475275166770717572e+00 1.677999787983997404e+00 1.925105837032954348e+00 2.221170559533598876e+00 5.429632013108166788e+00 5.887078133750841324e+00 6.322718166056390032e+00 6.688594079701416284e+00 6.925903299346463093e+00 6.994394087843390118e+00 6.880455563305631017e+00 6.599575525812504395e+00 6.203426150193389610e+00 5.744876310646463757e+00 5.277398880116206392e+00 4.833862304901962226e+00 4.432247412344638704e+00 4.070736894856644916e+00 3.747580382348311812e+00 3.450471355663230710e+00 3.179081965577609470e+00 2.930908908712497762e+00 2.706825762100995902e+00 2.507960207611031223e+00 2.334409680268276333e+00 2.192826591750440368e+00 2.079032457355383556e+00 1.985796447509556195e+00 1.914811418159355405e+00 1.852248907164731451e+00 1.799699301757951453e+00 1.758207262976728913e+00 1.729967659045646977e+00 1.712727021827726182e+00 1.702524407535465079e+00 1.704124757120342837e+00 1.708247977288901653e+00 1.721348799803153806e+00 1.745822257886696649e+00 1.788552605807743667e+00 1.853112486508606604e+00 1.938173973201741340e+00 2.050323727684546959e+00 2.188491267777228799e+00 2.349067949550768031e+00 2.537427244983831542e+00 2.751825861901147530e+00 2.997936580775921733e+00 3.265529224148741694e+00 3.558139850735537735e+00 3.872054923608055255e+00 4.209930270605124925e+00 4.579899935727696381e+00 4.988101404671102301e+00
2.207089620542436403e+00 2.551054659526967416e+00 2.933108213054730573e+00 3.324790362138647204e+00 3.661469085261344958e+00 3.886710068739321233e+00 3.957614011593704628e+00 3.835358562017048278e+00 3.564540699172892957e+00 3.187145738117483251e+00 2.771861439608435340e+00 2.372400923162309994e+00 2.024528538759044149e+00 1.741695750608340365e+00 1.513049221342427142e+00 1.332350076027834618e+00 1.181439607590805796e+00 1.051550742409609551e+00 9.401903135740953266e-01 8.441691012331125066e-01 7.666199112384460834e-01 7.099038368733165960e-01 6.693325991484118109e-01 6.436564215196702854e-01 6.310701544886463399e-01 6.212570357261606446e-01 6.132446003153659841e-01 6.103638244847366945e-01 6.076195995929439819e-01 6.086653419563550216e-01 6.063600354927485281e-01 6.025168371116143007e-01 5.912857098380248644e-01 5.747995688270188808e-01 5.602837555564438299e-01 5.568737635929720264e-01 5.561468305408375778e-01 5.691448462690315013e-01 5.870309189507997294e-01 6.149866067803287928e-01 6.550207605820653756e-01 7.143518059849041091e-01 7.916912565457522311e-01 8.920722583622435753e-01 1.010874666032184788e+00 1.149194836205373216e+00 1.304768772668257082e+00 1.475769744052272792e+00 1.678303347299182624e+00 1.917247353060527626e+00 4.961054900645357257e+00 5.394905263588622546e+00 5.841035717298302288e+00 6.270160752287077699e+00 6.627389351034109310e+00 6.861230461625130062e+00 6.929785180889291851e+00 6.812694230211971735e+00 6.536086295830515702e+00 6.141362312521209788e+00 5.688944473554053971e+00 5.227173803738233815e+00 4.793404168762098294e+00 4.398450744936799772e+00 4.048074223392341686e+00 3.728919745041275213e+00 3.439295104403564007e+00 3.173847273280133940e+00 2.930280590673056018e+00 2.709313981351175293e+00 2.511958672302958107e+00 2.344231137980567592e+00 2.204496136086241620e+00 2.088510676768640995e+00 1.996810759760850429e+00 1.917920623659217005e+00 1.852974179321601911e+00 1.800813293585946884e+00 1.763812487802751017e+00 1.737765731715178230e+00 1.718224408521621172e+00 1.710159955017405586e+00 1.702220774723119057e+00 1.703081486957674473e+00 1.714150735973744011e+00 1.742473296902029345e+00 1.789742807770095867e+00 1.854378497330461339e+00 1.942415847479636470e+00 2.053147371787000353e+00 2.183000545871217835e+00 2.342041341789269371e+00 2.527465096996608818e+00 2.746625006091573784e+00 2.990521816417019529e+00 3.259702799918104077e+00 3.549569232697637133e+00 3.859030056737705383e+00 4.192952000993347639e+00 4.559711639633421854e+00
1.901399512643377143e+00 2.184966089376995768e+00 2.518826471407759726e+00 2.898332009918803021e+00 3.279400624968914268e+00 3.611724405566126173e+00 3.835358562017048278e+00 3.899502219689431115e+00 3.780084955069664687e+00 3.509208841528698386e+00 3.139289511738366123e+00 2.730811098902639067e+00 2.341123106950343757e+00 2.004833372540413272e+00 1.727938652356422411e+00 1.509208315871960027e+00 1.332025431898499868e+00 1.183188426073977340e+00 1.056732963535835568e+00 9.456122707006092698e-01 8.523134945479431401e-01 7.789686874688503959e-01 7.214149112182255408e-01 6.811098017636427748e-01 6.573179339406397537e-01 6.402881351134849242e-01 6.286621746896783325e-01 6.254155081587143838e-01 6.241815592179058569e-01 6.253904825207364793e-01 6.235798849647069542e-01 6.181402418361326978e-01 6.044228845451211640e-01 5.854415690763963287e-01 5.687214565504374875e-01 5.629781665114161893e-01 5.584064007273915609e-01 5.655089339170583651e-01 5.744295935039366308e-01 5.904844090253474898e-01 6.153221220559301763e-01 6.572909284543270170e-01 7.164669535973773318e-01 7.971430736564492081e-01 8.975874129412149127e-01 1.017762618494478799e+00 1.154116415172282473e+00 1.302535187235895675e+00 1.473112992072824312e+00 1.667554053180315243e+00 4.522751770965662388e+00 4.916910112538196209e+00 5.338885841219805251e+00 5.779750311942894569e+00 6.199505002448125524e+00 6.553079052157113615e+00 6.785555259394371319e+00 6.848615661649210651e+00 6.735480095261639377e+00 6.460980144352680199e+00 6.074176085391005842e+00 5.628868026838152794e+00 5.179430124173128647e+00 4.753421519896559921e+00 4.371179710013150199e+00 4.024755446400476444e+00 3.714433622704524041e+00 3.431463614427835207e+00 3.170432073992704769e+00 2.930017938982136805e+00 2.711177921224710019e+00 2.518768261425349486e+00 2.353932883578594648e+00 2.214721491221594896e+00 2.101302388230910534e+00 2.005014116960029735e+00 1.926386356473389627e+00 1.862502714619809208e+00 1.815519076340421645e+00 1.780120556950820498e+00 1.750460410214975004e+00 1.731725102971926278e+00 1.711645116580751136e+00 1.699509393505896249e+00 1.697539541964276477e+00 1.711607233984393517e+00 1.742378098553628796e+00 1.788153832431556456e+00 1.854135984000626403e+00 1.939526126590039645e+00 2.041145590311054026e+00 2.171563131107576705e+00 2.326886330416440885e+00 2.516274705831721192e+00 2.733176504570377308e+00 2.976654526328208039e+00 3.242742317883570813e+00 3.527421888071416767e+00 3.831940576543251709e+00 4.162963568641447232e+00
1.654322107244646789e+00 1.882985377852958386e+00 2.157424187465433629e+00 2.489734422921262347e+00 2.859589490460630934e+00 3.234746172506709705e+00 3.564540699172892957e+00 3.780084955069664687e+00 3.845835891265387829e+00 3.726065008704451120e+00 3.463300911946806337e+00 3.099497642565822275e+00 2.701006187349412446e+00 2.321789734543420192e+00 1.990691184359605126e+00 1.721136510507219386e+00 1.505315507882915904e+00 1.329551924814522224e+00 1.185255263449714880e+00 1.059950289201358808e+00 9.530140578176322652e-01 8.646427359341727348e-01 7.904189769656412290e-01 7.343079922971161855e-01 6.967423362903721884e-01 6.697751117312262803e-01 6.513362582114833321e-01 6.445176200930015087e-01 6.423118322318740470e-01 6.414318620408379079e-01 6.390653146362160753e-01 6.316374634745544059e-01 6.161120962603402473e-01 5.953644448779408238e-01 5.771339861784600123e-01 5.696499786439420676e-01 5.618790296249625005e-01 5.639976713623521265e-01 5.653974936012989838e-01 5.714445555034132207e-01 5.842514746766420686e-01 6.113414564635766268e-01 6.539207424203763441e-01 7.161525646798011513e-01 7.982582598856186040e-01 9.003344262326824499e-01 1.019764465931124908e+00 1.151038318758159873e+00 1.299782523887404118e+00 1.463215070604480861e+00 4.128344848224720032e+00 4.482744035429282903e+00 4.866308436436949769e+00 5.285305413576510070e+00 5.716986149460134392e+00 6.133653394724540853e+00 6.484875089221282529e+00 6.710771122286059764e+00 6.777487704169919525e+00 6.666347270070072994e+00 6.399503083277561011e+00 6.019531970968274415e+00 5.586390652413446567e+00 5.143097969227131472e+00 4.728875949651227373e+00 4.348786979644113870e+00 4.011018842120726902e+00 3.706571325589830046e+00 3.428198667851477310e+00 3.170954434255008003e+00 2.933827633408748969e+00 2.719553764201904311e+00 2.530237091450814990e+00 2.367195647448389728e+00 2.229975877087545300e+00 2.113491578045866515e+00 2.017758960461923046e+00 1.939320397426512521e+00 1.879257636367982709e+00 1.832318800749956011e+00 1.791161446804715451e+00 1.760781049759429173e+00 1.728605668202048751e+00 1.703931503546436632e+00 1.689150117796673234e+00 1.689949376149982641e+00 1.705102315750611552e+00 1.733684495691750316e+00 1.779241980800349232e+00 1.841887043055834505e+00 1.918411702900437721e+00 2.022877631253273023e+00 2.149786446134667628e+00 2.309490655402107961e+00 2.498620496589367246e+00 2.715240645515833773e+00 2.957099830957351294e+00 3.218892622092735412e+00 3.499908071192480818e+00 3.802874361073159903e+00
1.451002774655330008e+00 1.636071090244743953e+00 1.854535387753132980e+00 2.126840400201810422e+00 2.450282885496052110e+00 2.813872175138109277e+00 3.187145738117483251e+00 3.509208841528698386e+00 3.726065008704451120e+00 3.791920935713326113e+00 3.681454393915274181e+00 3.424310903237286041e+00 3.070817777785995961e+00 2.681683926434181409e+00 2.307539006999375086e+00 1.981915456190526559e+00 1.715149173162202167e+00 1.499813768614514986e+00 1.328866739444640288e+00 1.185611155944622075e+00 1.064757893228747365e+00 9.638613405541707202e-01 8.757257155954429884e-01 8.054457532704771827e-01 7.537205090471768010e-01 7.148059278103418013e-01 6.870521621983786131e-01 6.732234614587566668e-01 6.671264923486979193e-01 6.611803026686768892e-01 6.556987146563906244e-01 6.443965045057206131e-01 6.264878997388020343e-01 6.041160627418626916e-01 5.851145892404071569e-01 5.764035605997798184e-01 5.666717843744293326e-01 5.648928296987000275e-01 5.616891338036088532e-01 5.611045181705034413e-01 5.658354840392535445e-01 5.818428669089333871e-01 6.099443827866500856e-01 6.545858267038560108e-01 7.179431930831964292e-01 8.006962253109246586e-01 9.026834655970524812e-01 1.018304934886350877e+00 1.149690018550123538e+00 1.290998547046281919e+00 3.764962564372485332e+00 4.084410027383581721e+00 4.427959161188374182e+00 4.809023030827121126e+00 5.218540548766072540e+00 5.648248898386707850e+00 6.062527524916668575e+00 6.407942104401826988e+00 6.638007241235851730e+00 6.707214291512908488e+00 6.604350064245416263e+00 6.345068417702809604e+00 5.977799290823429423e+00 5.550260494350821361e+00 5.118496910942464062e+00 4.705470494448945828e+00 4.334289820252757330e+00 4.001550113305757606e+00 3.701285525179808911e+00 3.426751360069904440e+00 3.173636267858735316e+00 2.941089447384725108e+00 2.731401866462796590e+00 2.546833672727080167e+00 2.386621067423361886e+00 2.248779077147252448e+00 2.133171533520296315e+00 2.037015181402840103e+00 1.960696413842135222e+00 1.899077946322942134e+00 1.843775213772139709e+00 1.799325526623618998e+00 1.754546856142249922e+00 1.717120637016608553e+00 1.690253002928437498e+00 1.678369221290543223e+00 1.679293724382408204e+00 1.692719694934593289e+00 1.720329455306367272e+00 1.763627972470891869e+00 1.819731939343929739e+00 1.900682724855603745e+00 2.000953502778162196e+00 2.130670562726276973e+00 2.289993070906704009e+00 2.476975536170630043e+00 2.692612639271102726e+00 2.930274967129248065e+00 3.189173808959032907e+00 3.467997737742520403e+00
1.279690418475529778e+00 1.433180530586011026e+00 1.608123217319809006e+00 1.824884653798157563e+00 2.090403335835532506e+00 2.408630144388968830e+00 2.771861439608435340e+00 3.139289511738366123e+00 3.463300911946806337e+00 3.681454393915274181e+00 3.757721216890841820e+00 3.652036541060558417e+00 3.404587762199056122e+00 3.057934539798868645e+00 2.672575752031879137e+00 2.300531168599323717e+00 1.976352476012641191e+00 1.708489563932343414e+00 1.498086193652363951e+00 1.329330580791900251e+00 1.191423987008570773e+00 1.077970898529364563e+00 9.775782721362986649e-01 8.941637976954514011e-01 8.277957664731028231e-01 7.752001518237379152e-01 7.357054537836700270e-01 7.114380714479011658e-01 6.985681527265069635e-01 6.861864296142928810e-01 6.765770488561472229e-01 6.612156759483516222e-01 6.412666186086649622e-01 6.172533891342009138e-01 5.967774248484343236e-01 5.859499075147734937e-01 5.737890199834253524e-01 5.688173606208235533e-01 5.629179476452778053e-01 5.584695638213856839e-01 5.589777297357009234e-01 5.676055405864441905e-01 5.844240802150886260e-01 6.137561391437161840e-01 6.593072137922281195e-01 7.220975271398090145e-01 8.056891824302671035e-01 9.041487913848343938e-01 1.018858604242117050e+00 1.142211328611834276e+00 3.433621012662150029e+00 3.724808359821851322e+00 4.034724169283188111e+00 4.376835643558774080e+00 4.749687793248177137e+00 5.159444110597862121e+00 5.587561629494796733e+00 5.998676587427972606e+00 6.349519780172153460e+00 6.583338218647006634e+00 6.661522515061721883e+00 6.566378440495073576e+00 6.318896799939493825e+00 5.955269622927364281e+00 5.537217833282904067e+00 5.104058059025266658e+00 4.698431967066498238e+00 4.330240091425788584e+00 4.000899625622722056e+00 3.704836643537266383e+00 3.434905762964699072e+00 3.185774751920398717e+00 2.958477396165513973e+00 2.753755866761851578e+00 2.571370459239187056e+00 2.411061478249378442e+00 2.273095093925454169e+00 2.156503036905917714e+00 2.061701329221377499e+00 1.983514456941878779e+00 1.912979149878487828e+00 1.854054571603899637e+00 1.796589554662510357e+00 1.746132627973912221e+00 1.706408524351171740e+00 1.681507878214609564e+00 1.668313052788462869e+00 1.667428088729295821e+00 1.679502791810152384e+00 1.706621129979354556e+00 1.746240682254066590e+00 1.807160485590011856e+00 1.883883561066452605e+00 1.985863883069992397e+00 2.115673768067488414e+00 2.272025544434844946e+00 2.458792745990815654e+00 2.669869565794962707e+00 2.905202368034379923e+00 3.160956137672519262e+00
1.131558309655901429e+00 1.262657258373558467e+00 1.406727347282363816e+00 1.580147374148102246e+00 1.792008715987679413e+00 2.053638863960961292e+00 2.372400923162309994e+00 2.730811098902639067e+00 3.099497642565822275e+00 3.424310903237286041e+00 3.652036541060558417e+00 3.731991327641661194e+00 3.635348037573655322e+00 3.393298544809347561e+00 3.050866794378506164e+00 2.666424416868832914e+00 2.296195167187834674e+00 1.971176064821830387e+00 1.708530885918553066e+00 1.501737747835812709e+00 1.337996063246535750e+00 1.207800130786123249e+00 1.094955748811539342e+00 9.995307440461669302e-01 9.197767431964444240e-01 8.533286947319699278e-01 8.011275005990087239e-01 7.641385349748135436e-01 7.416264554170601819e-01 7.204889332166184435e-01 7.048217247280058606e-01 6.842544092666810185e-01 6.615378060018232143e-01 6.350691878452411343e-01 6.127439227920792320e-01 5.995516685561186332e-01 5.849446588365539990e-01 5.771571793129710581e-01 5.693700116971432967e-01 5.622759732386356513e-01 5.598977059718706073e-01 5.627046467010587971e-01 5.694793020520165783e-01 5.852347432433210317e-01 6.141568690847589718e-01 6.580238321597601248e-01 7.236906638966136285e-01 8.052497150820058236e-01 9.037027656261088504e-01 1.011641862997769037e+00 3.128880439045885975e+00 3.396565204727128862e+00 3.679791168019745040e+00 3.988917099900888719e+00 4.324366905321401333e+00 4.699529876677842388e+00 5.108269872296815173e+00 5.535356443842867513e+00 5.951606402052369127e+00 6.305811860659949808e+00 6.548146910100916429e+00 6.633701983262503710e+00 6.550323020302453614e+00 6.306377790832260466e+00 5.951787144969575394e+00 5.532134967986397811e+00 5.106577277193520281e+00 4.703832966471694910e+00 4.339270062765363534e+00 4.015106967081855771e+00 3.723919493825659899e+00 3.457107720485110391e+00 3.214039147639981220e+00 2.992033699563022342e+00 2.789945969506162360e+00 2.607604711599236680e+00 2.446357671856441929e+00 2.307196789737221643e+00 2.191420607974231771e+00 2.093741845794566903e+00 2.005679939706780157e+00 1.930434172072242660e+00 1.858773260809066130e+00 1.794686999867054711e+00 1.741613825273076399e+00 1.703092915271926300e+00 1.676356206808585769e+00 1.661748157738751841e+00 1.659579492139109824e+00 1.671818187776580089e+00 1.696372635584862287e+00 1.738043207264308609e+00 1.792444285685805161e+00 1.867937871627661561e+00 1.968787071499552122e+00 2.094904366826822795e+00 2.252577265444701382e+00 2.435932624648770695e+00 2.646628235070493496e+00 2.878910461436227752e+00
9.980707055288763341e-01 1.110763490449515833e+00 1.233387171987324615e+00 1.376851387877360944e+00 1.548633368199811455e+00 1.760143808745878502e+00 2.024528538759044149e+00 2.341123106950343757e+00 2.701006187349412446e+00 3.070817777785995961e+00 3.404587762199056122e+00 3.635348037573655322e+00 3.722837359965264437e+00 3.629298725664237946e+00 3.390578862769159318e+00 3.046440271137084821e+00 2.662275778907383206e+00 2.290308543118067863e+00 1.969140433791723765e+00 1.711344908184302849e+00 1.509606377898376373e+00 1.354597000942560525e+00 1.226175599294826002e+00 1.118877553671279390e+00 1.027104753656835845e+00 9.470272506323446082e-01 8.813894247416045324e-01 8.295833361453216481e-01 7.945221461217045755e-01 7.629406186646536803e-01 7.392406422255998200e-01 7.129252041505489412e-01 6.871017980753987286e-01 6.584701566742940937e-01 6.349058665731834861e-01 6.197476318773348369e-01 6.036777353720756967e-01 5.934450832125688358e-01 5.844314078686827507e-01 5.753391593491281597e-01 5.707102054947601477e-01 5.693309568159099499e-01 5.688961815729934868e-01 5.745446028274775463e-01 5.891830519389129606e-01 6.158536276619057670e-01 6.632237263933178362e-01 7.257119074947225856e-01 8.051828432164930271e-01 8.954440854757496071e-01 2.848057505690413826e+00 3.093288748499677165e+00 3.354433649915474547e+00 3.638063626446308430e+00 3.943230089359806900e+00 4.284043356155726734e+00 4.660187046594495897e+00 5.070711938523776219e+00 5.503420624897498392e+00 5.923334270550790315e+00 6.286022840811520851e+00 6.535096571879437377e+00 6.631390110370589674e+00 6.549913250200456893e+00 6.312549700892679638e+00 5.954750841230868730e+00 5.540878186037851094e+00 5.117095964417458731e+00 4.716985847623234918e+00 4.357994953199805899e+00 4.038514263487870792e+00 3.750316932686515337e+00 3.491460767711897173e+00 3.253770799150867976e+00 3.034564637626821160e+00 2.831653012090177945e+00 2.647304190515910705e+00 2.484272276017926995e+00 2.346005558025002102e+00 2.227006132516291093e+00 2.119651719622180686e+00 2.027097139135958237e+00 1.940462748465784371e+00 1.863102933496176838e+00 1.796787722399134646e+00 1.745543683556659120e+00 1.706385172962914920e+00 1.678899092309871000e+00 1.663882467635127593e+00 1.662346045687765006e+00 1.672831274205396346e+00 1.696688877390145622e+00 1.731263641917974327e+00 1.783652651499497255e+00 1.857786135588750831e+00 1.954794342819373254e+00 2.082349722792644187e+00 2.235594279036216658e+00 2.417518204944750781e+00 2.622909460166643392e+00
8.814557558068517595e-01 9.777455201740480328e-01 1.084321979167430117e+00 1.207592841243403159e+00 1.352547396717647565e+00 1.526777635319649162e+00 1.741695750608340365e+00 2.004833372540413272e+00 2.321789734543420192e+00 2.681683926434181409e+00 3.057934539798868645e+00 3.393298544809347561e+00 3.629298725664237946e+00 3.717469559417892810e+00 3.626699038351120841e+00 3.384852262909542997e+00 3.040955825732886808e+00 2.655529571033233172e+00 2.286462087705295687e+00 1.971223676954009463e+00 1.717554786503263209e+00 1.523598656429121068e+00 1.370485357941093829e+00 1.246852841494090924e+00 1.142423126901824126e+00 1.049269090822306572e+00 9.703071872053791180e-01 9.037478692281315507e-01 8.552040493764969664e-01 8.123804668855650890e-01 7.798892653236304540e-01 7.474786230224221839e-01 7.178416790163716366e-01 6.863532359674442418e-01 6.608373002322586176e-01 6.432767870417870348e-01 6.250367464645966153e-01 6.121938422105511757e-01 6.016399363856820282e-01 5.906734189318872952e-01 5.843575165203972466e-01 5.797915936876580911e-01 5.745976544203373892e-01 5.725961632549392277e-01 5.758477796887414568e-01 5.878964260055948854e-01 6.186207347390624278e-01 6.630626255842849703e-01 7.237537052815240513e-01 7.959988379505144040e-01 2.593450463516881133e+00 2.816077960418543302e+00 3.056775011852690849e+00 3.320223796900849234e+00 3.602231041794002664e+00 3.915147719246853786e+00 4.257866643966279341e+00 4.636625145834803341e+00 5.052447225889143745e+00 5.487874616506939418e+00 5.914207136008939436e+00 6.281874986252041104e+00 6.539527285223778463e+00 6.635828510460148877e+00 6.558825707148464801e+00 6.317622879739023922e+00 5.964099185230280931e+00 5.552031746831537440e+00 5.129855286185126317e+00 4.735522992091382832e+00 4.379720134228931805e+00 4.062044717938514182e+00 3.782286375131949541e+00 3.527448966155154686e+00 3.291989763175676931e+00 3.070104992719486336e+00 2.864037178585868038e+00 2.677684041719463615e+00 2.516485893830064491e+00 2.375656793061396765e+00 2.248621761969824995e+00 2.138440023184063232e+00 2.035972098030838229e+00 1.944722227675440118e+00 1.864530390739428833e+00 1.799808979570026057e+00 1.748060431623816413e+00 1.707517346411372205e+00 1.680062237255125712e+00 1.665592556952490977e+00 1.662250709225311152e+00 1.670220411276928774e+00 1.687389198476208607e+00 1.719885399395210790e+00 1.769986380710274920e+00 1.840910360935155143e+00 1.939779148500983652e+00 2.063733677094807817e+00 2.216162443645487201e+00 2.393819249068582344e+00
7.813572349576941578e-01 8.608617991697752325e-01 9.521953909841943675e-01 1.059572869996775246e+00 1.186418330362637663e+00 1.335461575037991455e+00 1.513049221342427142e+00 1.727938652356422411e+00 1.990691184359605126e+00 2.307539006999375086e+00 2.672575752031879137e+00 3.050866794378506164e+00 3.390578862769159318e+00 3.626699038351120841e+00 3.717462472596800627e+00 3.621995414496475441e+00 3.379246671967877980e+00 3.033443154268899988e+00 2.649655718710068442e+00 2.287260277464556513e+00 1.976118668243025844e+00 1.730028018608380735e+00 1.538902312314180731e+00 1.389910314138388614e+00 1.268575430413350080e+00 1.161274999563236987e+00 1.069535289328319871e+00 9.890940870879609825e-01 9.264411526559788168e-01 8.709784677563487953e-01 8.275904794191926150e-01 7.867953914215761735e-01 7.510495886331031157e-01 7.156610507799290311e-01 6.874627133139100676e-01 6.675391155412758737e-01 6.471101535524393933e-01 6.314692732949332976e-01 6.188829586787131243e-01 6.056967358868309281e-01 5.971954647300949937e-01 5.895865925947902930e-01 5.810078430005266581e-01 5.741291105835241160e-01 5.690567978283844752e-01 5.701350713264037307e-01 5.872940176923456823e-01 6.163025728565471040e-01 6.594677928019271329e-01 7.137539644545384254e-01 2.361474094527585610e+00 2.559224650795430822e+00 2.777902299807841313e+00 3.022346788969284326e+00 3.285665703097830459e+00 3.577108698773377782e+00 3.892931651684157668e+00 4.239090523732787830e+00 4.623614962035594189e+00 5.041958399588828854e+00 5.482936247782397743e+00 5.914388837323980574e+00 6.289731490863902152e+00 6.547339736853547087e+00 6.646905049129652632e+00 6.565450926581429592e+00 6.326539058457599118e+00 5.974811133034372723e+00 5.563040698467974998e+00 5.147009103426281484e+00 4.754718093148869507e+00 4.401070278907753597e+00 4.092163094079314334e+00 3.814867145948277916e+00 3.561345507348497641e+00 3.321474539241169754e+00 3.095859622792043186e+00 2.887677991170549685e+00 2.703737891483471767e+00 2.540234463683163746e+00 2.391612198956839741e+00 2.261285160986961973e+00 2.140813506438058234e+00 2.034077802377854294e+00 1.939262302469954014e+00 1.860835406598180697e+00 1.796306454423386656e+00 1.742556993675853372e+00 1.702562653843502805e+00 1.674674073305514987e+00 1.657521004577468204e+00 1.650330721294085423e+00 1.652386218142581020e+00 1.668368565904869039e+00 1.698273962375271839e+00 1.746989018128182414e+00 1.820145773312426662e+00 1.916656368673971489e+00 2.040193167769665639e+00 2.189199691542830006e+00
7.034612402469341275e-01 7.668956161402522564e-01 8.436097386813641297e-01 9.371937960401321988e-01 1.049859755640345060e+00 1.181392405701486625e+00 1.332350076027834618e+00 1.509208315871960027e+00 1.721136510507219386e+00 1.981915456190526559e+00 2.300531168599323717e+00 2.666424416868832914e+00 3.046440271137084821e+00 3.384852262909542997e+00 3.621995414496475441e+00 3.706996322041061998e+00 3.609952930230904578e+00 3.365113755028042331e+00 3.020031828651372319e+00 2.641883567191581239e+00 2.282930773763574450e+00 1.978387442518613426e+00 1.736018565505942801e+00 1.549562987689261151e+00 1.403672331585606781e+00 1.279790504811178842e+00 1.175406012328518601e+00 1.083300911461509974e+00 1.008318630231486379e+00 9.413952109732616202e-01 8.874377347090426360e-01 8.381670311767371873e-01 7.954035603845061031e-01 7.554023824063250681e-01 7.230024244613630913e-01 6.995189417158792500e-01 6.748715755981755660e-01 6.556361394236956963e-01 6.399563546821581683e-01 6.245645957851334584e-01 6.142933879277099329e-01 6.047973145892682201e-01 5.946085857413289100e-01 5.850699169821116374e-01 5.740782966791763142e-01 5.664302065752253590e-01 5.719287634162342204e-01 5.871728028761297180e-01 6.147308664639711262e-01 6.525952030437691676e-01 2.165934089947151087e+00 2.337759421969284102e+00 2.532594771536353040e+00 2.756743022227675421e+00 3.001829014038942312e+00 3.274611359389373089e+00 3.568688400410086281e+00 3.885551036653158263e+00 4.235580636665673637e+00 4.619931663268664224e+00 5.040403821796822115e+00 5.483958896340339173e+00 5.919831319127960789e+00 6.293061034147487298e+00 6.551348592697329387e+00 6.645692534881743718e+00 6.564594748194696905e+00 6.327249385549673200e+00 5.974257327558220254e+00 5.568501187552985066e+00 5.152630356097008146e+00 4.763072719957069268e+00 4.418313291950841659e+00 4.112608946866812332e+00 3.837457377742496956e+00 3.580551137811429196e+00 3.338443855106310032e+00 3.112503869958390013e+00 2.908870870765923655e+00 2.725134656456787319e+00 2.556631339096974376e+00 2.406879930495108511e+00 2.268367169434764463e+00 2.145676131561748967e+00 2.035639157351964545e+00 1.942370589027833327e+00 1.863513409780360286e+00 1.795832379342325646e+00 1.743041176059052288e+00 1.701943342502538536e+00 1.671617914036847674e+00 1.651340899446835486e+00 1.640393876937084938e+00 1.642719442775717908e+00 1.654978117974773122e+00 1.684136549707768715e+00 1.733482586073311404e+00 1.804096869727212615e+00 1.899970891591193922e+00 2.020922858503391151e+00
